Nome: VITORIA DA CONQUISTA
Codigo Estacao: A414
Latitude: -14.88638888
Longitude: -40.80138888
Altitude: 879.38
Situacao: Operante
Data Inicial: 2007-05-31
Data Final: 2020-12-31
Periodicidade da Medicao: Diaria

Data Medicao;PRECIPITACAO TOTAL, DIARIO (AUT)(mm);PRESSAO ATMOSFERICA MEDIA DIARIA (AUT)(mB);TEMPERATURA DO PONTO DE ORVALHO MEDIA DIARIA (AUT)(°C);TEMPERATURA MAXIMA, DIARIA (AUT)(°C);TEMPERATURA MEDIA, DIARIA (AUT)(°C);TEMPERATURA MINIMA, DIARIA (AUT)(°C);UMIDADE RELATIVA DO AR, MEDIA DIARIA (AUT)(%);UMIDADE RELATIVA DO AR, MINIMA DIARIA (AUT)(%);VENTO, RAJADA MAXIMA DIARIA (AUT)(m/s);VENTO, VELOCIDADE MEDIA DIARIA (AUT)(m/s);
2007-05-31;null;null;null;null;null;null;null;null;null;null;
2007-06-01;null;921,638095;14,575;21,3;null;null;88,55;65;7,9;1,921053;
2007-06-02;null;null;null;null;null;null;null;41;5;null;
2007-06-03;null;917,838095;10,995238;28,6;null;12,1;61,857143;22;6,9;1,914286;
2007-06-04;0;918,05;13,129167;28,5;21,541667;14,1;61,416667;34;10,1;2,9125;
2007-06-05;0;920,704167;15,616667;21,6;17,366667;15,5;89,958333;70;9,7;2,7375;
2007-06-06;0;920,370833;15,45;24,2;18,1875;14,3;85,291667;59;6,8;1,754167;
2007-06-07;0;919,582609;14,821739;24,4;18,156522;14,2;82,478261;53;7,9;2,021739;
2007-06-08;0;919,529167;13,125;23;17,458333;13,6;78,25;46;8,9;2,058333;
2007-06-09;0;919,75;10,983333;23,9;16,308333;9,3;74,125;38;8,1;2,108333;
2007-06-10;0;920,0875;12,704167;25,2;17,916667;12,3;73,875;42;8,6;2,279167;
2007-06-11;0;920,2;15,3375;24,1;18,358333;13,9;83,5;58;7,9;1,866667;
2007-06-12;0;920,175;16,354167;21,6;18,004167;15,5;90,458333;75;7,3;2,420833;
2007-06-13;0;919,5625;16,1875;23,6;18,245833;16,9;88,833333;58;8;2,458333;
2007-06-14;0;919,233333;14,041667;25;17,570833;12,3;82,083333;49;8,4;2,2375;
2007-06-15;0;919,3625;15,341667;22,7;17,525;13,4;87,916667;60;9,5;2,175;
2007-06-16;0;920,4375;15,029167;24,5;18,791667;12,2;80,833333;47;11,7;1,904167;
2007-06-17;0;920,7375;13,95;23,7;17,845833;12,6;80,666667;47;11;2,595833;
2007-06-18;0;921,504167;14,1125;23,6;16,691667;10,4;86,208333;56;8,4;2,454167;
2007-06-19;0;921,754167;14,091667;22,9;17,441667;15,3;82,458333;48;11,9;3,245833;
2007-06-20;0;922,75;14,7625;23,9;17,7625;11,3;83,791667;59;11,9;3,433333;
2007-06-21;0;923,066667;15,2375;21,3;17,6125;15,2;86,5;67;12;3,8;
2007-06-22;0;921,258333;15,6625;20;16,991667;14;91,958333;80;11,2;3,191667;
2007-06-23;0;919,170833;16,258333;22,3;17,666667;15,8;91,791667;72;8,4;2,675;
2007-06-24;0;920,541667;13,795833;23,4;17,225;12,4;82,625;45;9,6;2,1375;
2007-06-25;0;922,1375;15,041667;21,9;16,179167;10,5;93,291667;73;10,8;2,945833;
2007-06-26;0;922,633333;14,7625;21,6;17,254167;14,7;86,083333;61;10,8;3,854167;
2007-06-27;0;921,6125;14,641667;22,9;17,183333;14,7;86,416667;55;9,1;2,766667;
2007-06-28;0;921,083333;12,241667;23,1;15,6125;9,5;82,541667;47;8,9;2,091667;
2007-06-29;0;921,691667;12,166667;23,6;15,479167;8;82,875;51;8,5;1,904167;
2007-06-30;0;922,4875;12,133333;23,6;16,533333;11,3;77,458333;45;8,3;1,754167;
2007-07-01;0;923,220833;12,1125;22,3;15,6375;9,1;81,333333;53;7,2;1,983333;
2007-07-02;0;923,104167;14,4375;22,5;16,245833;13,1;89,291667;62;10,3;2,804167;
2007-07-03;0;922,9125;14,6625;21,8;17,116667;13,6;86,5;63;9,9;2,691667;
2007-07-04;0;923,1;15,816667;21,3;17,3375;15,2;91,083333;71;7,9;2,445833;
2007-07-05;0;923,504167;15,825;20,8;16,954167;15,8;93,333333;75;9,3;2,766667;
2007-07-06;0;922,3125;13,366667;22;16,15;11,3;84,916667;58;9,9;2,525;
2007-07-07;0;920,945833;13,65;22,8;17,083333;12,4;81,75;53;13,6;2,454167;
2007-07-08;0;920,245833;16,5375;20,9;17,454167;15,3;94,416667;83;7,6;2,620833;
2007-07-09;0;921,0375;15,091667;22,1;17,475;14;86,708333;64;9,5;2,9;
2007-07-10;0;920,325;13,158333;22,9;16,670833;11,1;81,916667;52;8,2;2,133333;
2007-07-11;0;919,691667;13,2;24,7;17,004167;10,9;80,708333;48;8,6;2,2875;
2007-07-12;0;921,079167;13,7875;21,5;15,6125;10,6;90,125;60;8,8;1,8625;
2007-07-13;0;921,220833;14,433333;21,9;16,533333;14,4;88,25;61;9,3;2,533333;
2007-07-14;0;919,970833;13,720833;23,8;17,558333;13,3;80,25;46;9;2,1375;
2007-07-15;0;918,725;14,816667;24,1;18,625;14,4;79,791667;52;7,8;2,075;
2007-07-16;0;918,158333;14,075;26,3;18,816667;14;76,791667;39;13,3;2,079167;
2007-07-17;0;918,758333;14,833333;25,8;18,4875;14,2;81,458333;47;7,3;2,370833;
2007-07-18;0;917,8125;15,1875;27,7;19,754167;15;78;36;8,4;1,791667;
2007-07-19;0;916,308333;16,016667;29,5;20,625;16,1;78,083333;34;11,4;3,225;
2007-07-20;0;919,3625;16,108333;24,1;19,641667;16,8;81,291667;56;7,5;2,320833;
2007-07-21;0;920,179167;15,216667;25,5;19,129167;15,7;80,25;45;8,2;2,504167;
2007-07-22;0;919,020833;14,320833;25,3;18,229167;13,7;80,041667;44;8,5;1,945833;
2007-07-23;0;917,9125;13,35;26,1;17,766667;12,2;78,458333;42;8;2,141667;
2007-07-24;0;918,204167;10,954167;27,6;18,804167;13,2;65,041667;26;7,8;2,875;
2007-07-25;0;918,670833;15,8625;26;18,454167;13,5;86,083333;51;6,9;1,945833;
2007-07-26;0;919,895833;13,641667;28,4;20,058333;15;73,875;25;8,9;2,8375;
2007-07-27;0;920,791667;15,391667;25,1;19,241667;15,3;80,458333;42;9,6;3,345833;
2007-07-28;0;921,213043;14,582609;22,3;17,6;12,3;83,695652;58;9;2,721739;
2007-07-29;0;921,308333;14,475;19,1;16,066667;15;90,333333;74;10,6;3,058333;
2007-07-30;0;922,404167;10,695833;19,5;14,779167;12;78;53;11,8;4,225;
2007-07-31;0;922,058333;10,4625;20,5;14,491667;10,6;78,208333;49;12,3;3,541667;
2007-08-01;0;921,766667;11,675;21,4;15,295833;12;80,916667;47;9,7;2,858333;
2007-08-02;0;921,991667;12,8375;21,3;16,258333;12;81,291667;57;10,2;3,2125;
2007-08-03;0;922,354167;13,7125;21,8;16,9875;14,1;82,333333;56;9,1;2,575;
2007-08-04;0;922,216667;14,1875;22,6;17,1625;14,9;84,208333;45;8,6;2,491667;
2007-08-05;0;921,4375;14;24,1;17,570833;14;81,375;48;8,5;2,5625;
2007-08-06;0;921,326087;13,752174;21,9;16,686957;12,4;83,695652;63;9,7;3,043478;
2007-08-07;0;921,721739;14,582609;21;16,408696;13,6;89,434783;69;8,1;2,317391;
2007-08-08;0;921,5875;14,491667;24;17,479167;13,3;83,916667;53;10,3;3,291667;
2007-08-09;0;921,891667;14,575;23;17,491667;13,8;84,291667;50;10,6;3,258333;
2007-08-10;0;921,691667;13,925;22,9;17,291667;14,9;82,375;51;12,5;3,5125;
2007-08-11;0;921,941667;14,95;22,4;16,345833;12,4;91,666667;70;10,8;2,854167;
2007-08-12;0;922,4;13,591667;22,6;16,670833;13,4;83,333333;52;11,9;3,529167;
2007-08-13;0;922,629167;12,308333;23;17,025;11,9;76,125;47;12,4;4,0375;
2007-08-14;0;922,478261;12,56087;22,2;16,365217;13,3;79,565217;47;13,7;4,013043;
2007-08-15;0;922,825;13,25;20,9;15,4;13,1;87,875;53;13,4;4,016667;
2007-08-16;0;921,566667;14,695833;21,9;16,304167;14,2;90,583333;66;10,2;3,620833;
2007-08-17;0;920,858333;14,008333;21;15,85;12,3;89,125;70;10,6;3,7625;
2007-08-18;0;920,35;12,4625;22,8;16,266667;11,8;79,833333;52;11,4;3,541667;
2007-08-19;0;920,904167;13,0125;22,6;17,083333;13,7;78,458333;53;8,7;3,070833;
2007-08-20;0;920,85;12,970833;24,3;17,583333;13;76,125;44;7;2,154167;
2007-08-21;0;920,325;11,733333;24,6;17,516667;11;72,75;35;9,8;2,204167;
2007-08-22;0;920,883333;13,291667;23,8;17,1625;10,8;79,416667;52;10,8;3,320833;
2007-08-23;0;919,883333;15,1125;23,3;17,395833;15;87,291667;58;10,7;3,554167;
2007-08-24;0;919,191667;13,7875;22,5;16,675;13,1;84,25;55;9,4;2,9125;
2007-08-25;0;917,895833;13,35;26,2;17,7;11,1;78,291667;40;9,1;1,816667;
2007-08-26;0;917,6875;14,05;30;20,0375;13,8;72,625;27;8,6;2,8625;
2007-08-27;0;917,6875;13,9875;29,5;20,958333;14,3;69,833333;27;9,1;2,445833;
2007-08-28;0;918,204167;14,533333;26,8;19,841667;14,7;74,25;39;10,1;3,1125;
2007-08-29;0;921,1375;13,158333;23,2;17,95;12,6;75,666667;44;12,9;3,7875;
2007-08-30;0;922,375;12,166667;21,7;16,558333;11,9;76,75;51;12,6;3,808333;
2007-08-31;0;923,008333;11,266667;24,2;17,279167;13,9;71;37;11,7;3,854167;
2007-09-01;0;922,370833;12,258333;24,6;17,495833;12,9;73,708333;45;11,5;2,983333;
2007-09-02;0;922,391667;11,983333;25,8;17,916667;10,6;72,333333;36;10,8;2,454167;
2007-09-03;0;922,9875;14,3;23,6;16,683333;10,3;87;61;10,9;2,683333;
2007-09-04;0;923,604167;14,5875;22,6;17,229167;15,1;85,5;54;10,8;3,854167;
2007-09-05;0;924,141667;14,870833;22,2;16,779167;13,8;88,916667;67;11;3,933333;
2007-09-06;0;923,666667;14,325;24,1;17,975;14;80,833333;53;12,7;3,295833;
2007-09-07;0;922,320833;15,095833;22,2;17,295833;15,2;87,541667;64;11,3;3,766667;
2007-09-08;0;921,404167;13,7625;23,1;17,366667;14,4;80,333333;55;11,1;3,533333;
2007-09-09;0;920,7625;13,929167;23,5;17,858333;14,6;79;54;10,3;3,520833;
2007-09-10;0;921,145833;14,366667;23,8;17,570833;14,5;82,208333;59;10,1;3,645833;
2007-09-11;0;921,491667;13,3;23,8;18,108333;14,9;75,291667;47;10,9;4,354167;
2007-09-12;0;921,804167;11,758333;23,8;17,245833;12,5;73,083333;42;11,1;3,258333;
2007-09-13;0;920,570833;14,55;20,9;17,2125;13,8;85;68;11,4;2,9375;
2007-09-14;0;920,225;12,975;22,4;17,183333;13,7;77,875;54;9,9;3,5;
2007-09-15;0;919,120833;13,066667;25,1;18,095833;13,8;74,75;46;8,3;2,404167;
2007-09-16;0;917,570833;13,525;28,8;19,845833;12,4;70,958333;33;8,3;1,954167;
2007-09-17;0;917,345833;13,804167;29,3;21,4625;14,5;66,625;26;10,3;3,158333;
2007-09-18;0;920,245833;14,316667;25,6;19,654167;16,1;73;46;11,4;4,791667;
2007-09-19;0;920,65;12,354167;24,4;17,920833;14,9;72,416667;40;9,7;3,316667;
2007-09-20;0;918,945833;11,591667;25,2;18,35;11,7;68,541667;37;9,7;2,745833;
2007-09-21;0;918,920833;13,354167;26,6;18,995833;14,3;72,083333;43;10,3;2,816667;
2007-09-22;0;919,345833;13,116667;29,8;19,983333;13,4;69,333333;27;9,8;2,345833;
2007-09-23;0;918,433333;13,566667;29,1;20,154167;12,9;69,916667;30;9,6;2,641667;
2007-09-24;0;916,9375;13,85;31,8;21,666667;14,9;66,666667;19;12,6;4,0375;
2007-09-25;0;918,825;15,066667;27,2;20,416667;16,5;74,375;37;14,1;4,075;
2007-09-26;0;922,3125;15,675;20,6;16,979167;15,1;92,208333;79;11,2;4,358333;
2007-09-27;0;922,533333;15,091667;23,2;17,658333;15,5;85,5;60;11,2;3,895833;
2007-09-28;0;921,6625;15,3375;25,6;18,908333;15,3;81,791667;46;8,5;2,6875;
2007-09-29;0;920,870833;13,8125;26,5;19,4375;12,3;73,458333;41;9,4;2,491667;
2007-09-30;0;921,375;14,904167;24,7;18,925;14,4;79;53;10,2;3,070833;
2007-10-01;0;922,1875;15,616667;19,9;16,933333;15,8;92,208333;78;10,5;4,058333;
2007-10-02;0;921,620833;15,166667;20,2;16,5;14,5;92,208333;75;8,5;3,4625;
2007-10-03;0;920,166667;15,05;23,7;17,85;14,9;84,958333;56;8,9;3,166667;
2007-10-04;0;919,391667;15,379167;22,9;17,679167;15,6;86,958333;64;10,9;3,8625;
2007-10-05;0;919,395833;15,308333;22,3;17,208333;15;89,041667;69;9,2;2,95;
2007-10-06;0;918,854167;15,891667;24,1;18,391667;16,1;86,416667;60;8,3;2,883333;
2007-10-07;0;918,2125;15,675;25,5;18,654167;15,9;83,916667;53;9,5;2,8625;
2007-10-08;0;918,8125;13,2625;25,4;18,3375;13;75,416667;41;12,7;3,429167;
2007-10-09;0;919,826087;13,926087;23,4;17,647826;13,3;80,391304;55;10,7;4,073913;
2007-10-10;0;919,183333;13,583333;24,9;18,354167;14,3;76,25;43;10,9;3,65;
2007-10-11;0;916,908333;14,208333;25,3;18,583333;14,1;78,041667;48;8,5;2,7125;
2007-10-12;0;916,0125;15,429167;27,6;20,470833;16;75,375;40;8,7;2,8875;
2007-10-13;0;916,204167;15,4875;29;21,266667;16,7;72,291667;37;10,5;2,895833;
2007-10-14;0;917,1;13,891667;27,4;20,8625;16,4;67,5;38;10,9;3,420833;
2007-10-15;0;918,833333;13,891667;26,7;19,1625;13,2;74,666667;41;10,7;2,9625;
2007-10-16;0;918,995833;12,141667;28,5;19,9125;12,8;66,291667;28;11;3;
2007-10-17;0;916,470833;12,595833;31,9;21,066667;13,3;66,041667;19;8,7;2,429167;
2007-10-18;0;915,258333;14,308333;31,4;22,125;15,6;65,416667;29;10,6;2,966667;
2007-10-19;0;915,9375;14,491667;30,2;21,720833;15,2;67,458333;34;9,8;2,579167;
2007-10-20;0;916,391667;15,433333;28,8;21,408333;15,7;70,625;44;7,9;3,133333;
2007-10-21;0;916,616667;16,358333;27,2;21,0625;16,9;76;47;8,8;2,579167;
2007-10-22;0;916,808333;15,141667;29,4;21,858333;15,2;69,916667;32;9,8;2,916667;
2007-10-23;0;919,025;15,1;28,1;21,1375;16;71,625;40;12;3,279167;
2007-10-24;0;919,391667;15,033333;28,6;21,429167;16,1;69,875;36;11;3,425;
2007-10-25;0;918,170833;14,604167;29,1;21,4125;15,7;69,333333;35;10,5;2,975;
2007-10-26;0;917,345833;13,429167;30,7;21,333333;14,2;65,916667;27;10,9;2,691667;
2007-10-27;0;915,679167;12,3125;32,5;22,591667;14,2;60,041667;19;9,6;2,970833;
2007-10-28;0;914,5;11,670833;33,6;24,283333;15,5;50,125;18;9,2;2,8375;
2007-10-29;0;915,25;14,35;31,7;22,620833;15,8;64,583333;29;9,4;2,675;
2007-10-30;0;914,516667;13,908333;31;22,483333;16,2;63;29;10,5;2,595833;
2007-10-31;0;913,758333;12,754167;30,9;22,3;15,4;61,291667;23;11,5;2,745833;
2007-11-01;0;913,241667;14,104167;31,8;22,995833;15,7;63;28;9,2;2,733333;
2007-11-02;0;913,5625;15,795833;34,5;24,970833;18,3;62,083333;26;12,7;3,920833;
2007-11-03;0;913,845833;13,925;34,2;25,254167;20,3;52,5;25;11,9;3,8625;
2007-11-04;0;913,541667;12,1125;32,9;23,8625;17;54,083333;22;10,7;3,4125;
2007-11-05;0;914,75;13,7;29,4;22,054167;14,5;62,875;32;10,6;3,258333;
2007-11-06;0;917,354167;12,991667;29,2;21,316667;14,3;63,875;32;14,5;3,575;
2007-11-07;0;917,645833;14,779167;29,8;21,858333;16,3;67,5;33;10,4;3,1875;
2007-11-08;0;915,9125;14,683333;28,7;21,608333;15,4;68;40;12,7;2,7375;
2007-11-09;0;914,7375;13,245833;30,4;21,733333;14,2;63,291667;30;10,4;2,7875;
2007-11-10;0;913,433333;12,425;31,3;21,820833;13,9;61,958333;24;10,9;2,854167;
2007-11-11;0;913,354167;13,020833;32,3;22,8875;15,2;60,25;23;13,5;3,720833;
2007-11-12;0;914,666667;13,929167;32;22,875;15,8;62,708333;23;14,3;3,470833;
2007-11-13;0;916,629167;17,095833;26;19,583333;14,7;86,416667;59;9,6;3,1375;
2007-11-14;0;917,595833;15,1125;28,3;20,895833;15,8;73,208333;36;9,2;3,270833;
2007-11-15;0;917,066667;13,766667;30,5;22,7625;17,6;62;25;10,3;3,2875;
2007-11-16;0;918,5125;15,4625;28,6;21,504167;15;71,458333;37;12,1;3,516667;
2007-11-17;0;919,354167;15,2125;27,5;20,329167;16,3;74,666667;39;11,5;3,75;
2007-11-18;0;917,6125;14,6625;26,4;19,620833;14,8;74,625;47;9,7;3,066667;
2007-11-19;0;916,266667;14,65;28,2;20,620833;14,8;71,958333;39;8,9;2,870833;
2007-11-20;0;914,85;14,85;31,2;22,358333;15,6;66,708333;32;10,5;3,166667;
2007-11-21;0;916,666667;14,608333;30,3;22,483333;16,7;65,666667;30;9;2,7625;
2007-11-22;0;916,9;17,433333;24,3;20,404167;18,8;83,625;62;8,4;2,541667;
2007-11-23;0;916,383333;17,679167;23,1;18,895833;17,2;92,916667;77;7,3;2,104167;
2007-11-24;0;915,245833;18,433333;25,7;20,7375;18,2;87,125;66;7,4;1,625;
2007-11-25;0;914,6875;18,608333;28,1;21,541667;18,8;84,416667;54;7,4;2,320833;
2007-11-26;0;914,029167;18,666667;24,6;20,541667;18,9;89,333333;72;8,5;2,079167;
2007-11-27;0;912,4;18,4125;23,4;20,579167;18,9;87,625;74;13,9;3,295833;
2007-11-28;0;912,425;18,570833;22,9;20,408333;18,8;89,416667;76;10,4;2,970833;
2007-11-29;0;913,645833;18,233333;27,6;21,5375;18,3;82,916667;49;8,7;2,5125;
2007-11-30;0;915,229167;18,395833;23;19,695833;18,1;92,416667;77;7,5;2,070833;
2007-12-01;0;915,733333;18,545833;23,8;19,891667;18,4;92,166667;76;7,1;2,116667;
2007-12-02;0;917,1125;17,4125;26;20,6375;17,6;83,125;53;7,8;2,2;
2007-12-03;0;916,358333;16,091667;28,5;21,745833;17,4;73,166667;40;7,6;2,5125;
2007-12-04;0;914,741667;15,908333;30,5;22,416667;16,7;71;28;8,7;2,55;
2007-12-05;0;915,641667;15,65;30,9;22,820833;16,8;68,708333;26;8,6;2,225;
2007-12-06;0;915,433333;16,945833;31,4;23,054167;15,5;71,208333;41;9,4;1,908333;
2007-12-07;0;913,45;18,058333;32,1;23,641667;19;73,583333;39;16,8;2,5125;
2007-12-08;0;914,258333;19,325;23,5;20,820833;18,6;91,333333;74;9,2;1,4875;
2007-12-09;0;915,895833;17,229167;26,9;20,958333;17,3;80,708333;51;10,4;2,691667;
2007-12-10;0;917,070833;16,629167;26,3;20,458333;17,1;80,083333;49;9;2,633333;
2007-12-11;0;917,291667;15,475;27,7;21,045833;15,1;73,541667;39;8,5;2,683333;
2007-12-12;0;915,775;16,125;27;21,570833;17,1;73,25;48;8,6;2,354167;
2007-12-13;0;914,791667;13,408333;28,7;20,795833;13,7;66,083333;31;12;3,295833;
2007-12-14;0;914,629167;15,4375;29,5;21,4875;16,1;71,625;33;8,1;2,158333;
2007-12-15;0;912,416667;17,029167;30,6;22,1375;16,8;75,708333;37;10,3;2,35;
2007-12-16;0;911,504167;19,041667;26,9;22,004167;19,2;84,083333;59;6,6;1,804167;
2007-12-17;0;912,5125;18,954167;23,6;20,258333;18,4;92,375;77;8;1,75;
2007-12-18;0;914,925;18,391667;26,3;20,045833;18;90,458333;64;9,6;1,908333;
2007-12-19;0;915,045833;18,625;27,9;21,995833;18,5;82,208333;57;9,3;2,645833;
2007-12-20;0;914,395833;17,779167;28,7;21,570833;17,4;81,041667;44;7,7;2,2375;
2007-12-21;0;914,870833;17,891667;29,2;22,1125;17,5;79,166667;46;7,3;2,370833;
2007-12-22;0;916,0125;15,825;27,1;21,245833;16,9;73,833333;42;8,6;2,533333;
2007-12-23;0;916,375;13,808333;27,3;20,841667;14,9;67,583333;35;9,1;3,004167;
2007-12-24;0;917,2875;17,070833;25,1;20,145833;15,6;83,291667;65;10,6;2,841667;
2007-12-25;0;917,1;16,375;25,8;19,870833;15,6;81,333333;57;10,4;3,241667;
2007-12-26;0;917,366667;15,991667;25,6;20,133333;15,5;78,5;51;9,5;2,616667;
2007-12-27;0;916,341667;16,925;26,4;19,954167;13,2;83,708333;58;7,6;2,379167;
2007-12-28;0;916,808333;15,370833;26,7;20,508333;13,2;75,166667;42;10,4;2,645833;
2007-12-29;0;916,6875;17,754167;25,8;20,329167;17;85,791667;60;12,1;2,516667;
2007-12-30;0;916,5125;17;25,4;19,883333;15,6;84,291667;60;8,1;1,941667;
2007-12-31;0;916,0375;16,370833;26,6;20,7625;16,3;77,458333;51;7,6;2,429167;
2008-01-01;0;915,779167;15,516667;27;20,879167;15,3;74,166667;43;8,9;2,320833;
2008-01-02;0;916,679167;16,045833;26,9;20,483333;15,4;77,541667;51;9,9;2,683333;
2008-01-03;0;918,666667;14,633333;26,5;20,3625;15;72,541667;44;10,4;2,970833;
2008-01-04;0;919,041667;14,079167;28,4;20,7125;14,7;69,666667;29;9,6;2,275;
2008-01-05;0;917,816667;14,9625;30,3;22,295833;17;68,208333;25;8,1;1,970833;
2008-01-06;0;915,55;16,6625;30,1;22,516667;17,1;73,083333;34;10,9;2,683333;
2008-01-07;0;914,195833;17,275;32;23,858333;18,7;70,333333;33;10,7;3,179167;
2008-01-08;0;915,054167;18,85;26;20,954167;17,8;88,166667;61;9,1;2,116667;
2008-01-09;0;913,983333;17,595833;28,4;22,6;18,9;75,541667;45;10,7;2,933333;
2008-01-10;0;914,445833;15,883333;27,4;21,604167;17;71,958333;45;8;2,35;
2008-01-11;0;915,5125;14,958333;27,9;20,970833;15;71,291667;38;8,6;2,5;
2008-01-12;0;915,9875;15,454167;27,9;21,1125;15,3;73,291667;39;8,3;2,404167;
2008-01-13;0;915,975;14,5625;26,2;20,570833;15,7;71,25;37;10,8;3,1875;
2008-01-14;0;916,2;15,483333;25,3;19,379167;14,6;79,375;45;11,6;3,004167;
2008-01-15;0;915,558333;16,391667;25,3;19,470833;14,3;83,291667;52;10,1;2,3375;
2008-01-16;0;915,454167;16,35;25,2;20,441667;16,3;78,625;57;8,3;2,520833;
2008-01-17;0;915,945833;18,029167;26,3;19,895833;18,4;89,25;62;10,5;2,070833;
2008-01-18;0;916,3375;18,591667;27,8;21,870833;18,1;82,708333;55;7,3;1,8625;
2008-01-19;0;915,2625;18,254167;29;22,195833;16,5;80,041667;51;8,2;1,854167;
2008-01-20;0;914,395833;19,070833;30,9;23,25;17,6;79,916667;45;6,9;1,7625;
2008-01-21;0;914,220833;18,825;31,1;23,379167;19,3;77,375;42;8,5;1,729167;
2008-01-22;0;915,733333;18,933333;27,9;21,4125;19,8;86,416667;59;8,2;2,154167;
2008-01-23;0;916,220833;18,870833;26,3;21,679167;19;84,833333;63;8,8;2,6875;
2008-01-24;0;916,429167;18,0875;27;21,520833;18,8;81,5;59;9,2;2,741667;
2008-01-25;0;915,9625;17,170833;25,8;20,929167;17,7;80,125;58;7,5;2,55;
2008-01-26;0;915,470833;17,254167;24,9;20,733333;16,6;81,541667;60;7;1,941667;
2008-01-27;0;915,8;17,004167;26,1;20,420833;15,1;81,625;60;7,9;2,291667;
2008-01-28;0;915,829167;17,0875;27,6;21,2125;16,9;78,75;49;7,6;2,533333;
2008-01-29;0;914,329167;17,529167;28,1;21,695833;17,9;78,916667;46;6,9;2,104167;
2008-01-30;0;911,883333;15,8125;27,2;21,075;15,2;73,916667;47;6,5;1,591667;
2008-01-31;0;910,4625;18,4375;27;21,979167;18,9;81,208333;59;8,2;1,654167;
2008-02-01;0;911,945833;19,058333;26,3;20,970833;19,3;89,041667;68;10,2;2,675;
2008-02-02;0;913,8375;18,629167;28,8;22,633333;18,7;79,875;52;8;2,745833;
2008-02-03;0;915,95;18,633333;29,2;23,241667;19,9;77,125;51;9,1;2,05;
2008-02-04;0;916,254167;17,9;30,5;22,8875;17,9;76,083333;37;8,3;2,216667;
2008-02-05;0;916,845833;15,3625;29;22,491667;15,9;66,916667;34;8,7;2,475;
2008-02-06;0;917,845833;15,8;28,8;21,75;15,7;72,166667;35;9,6;2,583333;
2008-02-07;0;918,566667;16,8;26,5;21,008333;16,9;78,125;53;8,1;2,666667;
2008-02-08;0;917,775;15,895833;29,5;21,283333;14,5;74,541667;39;6;1,720833;
2008-02-09;0;915,9375;16,866667;29,4;22,0375;17;74,833333;44;7,7;1,995833;
2008-02-10;0;915,791667;17,254167;28,4;22;17;76,625;45;9,5;2,4375;
2008-02-11;0;916,075;15,295833;27,9;21,133333;14,3;72,166667;39;8,1;2,391667;
2008-02-12;0;916,145833;16,35;27,7;20,7875;14;77,708333;47;8,9;2,241667;
2008-02-13;0;916,158333;17,891667;27,9;21,9;17,5;79,291667;55;8;2,220833;
2008-02-14;0;916,470833;16,091667;27,1;20,654167;16;77,208333;47;8,8;2,666667;
2008-02-15;0;915,983333;16,458333;26,9;19,541667;14;83,791667;51;10;2,879167;
2008-02-16;0;915,741667;17,15;26,1;19,754167;16,4;85,833333;58;11,7;2,575;
2008-02-17;0;916,8375;17,65;27,5;20,6125;17,1;84,083333;55;9,9;2,629167;
2008-02-18;0;917,525;18,358333;28,6;21,8625;17,2;81,875;51;8,1;2,145833;
2008-02-19;0;917,558333;18,491667;26,8;21,954167;18,6;81,875;61;6,5;1,533333;
2008-02-20;0;915,7625;18,704167;28,9;22,529167;18,9;80,458333;50;7,7;1,8125;
2008-02-21;0;915,358333;17,575;30,3;21,975;16,3;77,958333;46;11,9;1,845833;
2008-02-22;0;916,8625;18,516667;30,6;21,854167;16,5;83,5;45;13,2;1,641667;
2008-02-23;0;916,883333;18,245833;30,9;23,629167;18,2;74,125;43;6,4;2,083333;
2008-02-24;0;915,7625;16,8625;32;23,5625;17,9;70,291667;32;6,9;1,816667;
2008-02-25;0;914,46087;16,491304;31,2;23,282609;16,7;69,304348;31;7,6;1,917391;
2008-02-26;0;913,466667;18,8375;28,6;22,425;19,2;81,25;52;9,9;2,108333;
2008-02-27;0;913,45;18,925;27,7;21,466667;18,9;86,375;55;8,8;2,279167;
2008-02-28;0;913,854167;18,3625;26,9;21,733333;18,7;82,375;56;8,5;2,5;
2008-02-29;0;913,7625;18,620833;26,7;21,120833;19,2;86,416667;60;7,4;1,654167;
2008-03-01;0;913,133333;19,091667;26,5;21,525;19,1;86,916667;61;10;2,145833;
2008-03-02;0;913,845833;18,7125;27,6;21,575;18,3;84,875;61;11,1;2,666667;
2008-03-03;0;914,8125;18,770833;29,8;23,4125;19,7;76,916667;44;9,8;2,008333;
2008-03-04;0;915,133333;18,995833;29,3;23,254167;17,9;78,958333;50;7;1,329167;
2008-03-05;0;914,095833;19,379167;29;22,195833;18,8;85;54;10;1,420833;
2008-03-06;0;913,833333;18,575;28,1;21,970833;18;82,541667;48;7;1,829167;
2008-03-07;0;null;null;27,9;null;17,6;83,8125;51;6,5;null;
2008-03-08;null;null;null;null;null;null;null;null;null;null;
2008-03-09;null;null;null;null;null;null;null;78;6,9;null;
2008-03-10;null;null;null;null;null;null;60,25;38;6,8;null;
2008-03-11;0;916,041667;16,2125;27,2;21,05;15;75,875;45;7,3;2,045833;
2008-03-12;0;916,445833;17,0375;27,1;21,233333;16,1;78,5;54;7,4;2,204167;
2008-03-13;0;915,945833;17,175;29,2;21,529167;16,2;78,541667;46;6,2;1,458333;
2008-03-14;0;914,2375;17,675;29,8;22,658333;17,4;75,625;42;9,6;2,333333;
2008-03-15;0;915,45;17,920833;28,3;22,408333;18,2;77,625;50;8,3;2,291667;
2008-03-16;0;917,6625;18,283333;26,5;20,670833;16,8;86,791667;65;9,3;2,370833;
2008-03-17;0;917,725;17,379167;26,1;20,0375;17,7;85,75;54;10,6;2,420833;
2008-03-18;0;917,6125;16,595833;26,8;20,183333;15,5;81,75;50;9,2;2,6125;
2008-03-19;0;917,270833;17,875;25,4;20,1875;17,8;87,25;65;11,1;2,6375;
2008-03-20;0;917,725;18,004167;23,9;19,595833;17,1;90,75;71;8,5;2,558333;
2008-03-21;0;917,145833;17,879167;24,7;19,720833;16,4;89,666667;69;8,8;2,233333;
2008-03-22;0;916,895833;18,15;26,1;20,170833;16,6;88,666667;64;9,3;2,15;
2008-03-23;0;916,116667;17,216667;26,3;20,941667;18,1;80,625;55;6,8;2,166667;
2008-03-24;0;916,5875;16,6;26,9;20,229167;15,2;81,083333;53;7,1;2,016667;
2008-03-25;0;916,816667;17,604167;27,2;21,441667;17;80,333333;55;8,4;2,029167;
2008-03-26;0;916,25;17,633333;25,9;20,8;16,9;83,041667;57;7,1;2,545833;
2008-03-27;0;914,645833;17,333333;27,3;21,295833;17,5;79,125;53;7;1,820833;
2008-03-28;0;914,370833;17,858333;25;19,804167;17,7;88,916667;67;6,1;1,25;
2008-03-29;0;914,345833;18,129167;27;21,0375;18,1;84,583333;57;6,5;1,3;
2008-03-30;0;913,916667;18,254167;27,6;21,795833;18;81,5;54;7,6;1,779167;
2008-03-31;0;914,85;17,55;24,1;20,058333;17,9;85,875;67;10,3;3,254167;
2008-04-01;0;914,745833;17,05;22,4;19,504167;17,1;85,916667;74;9,4;3,195833;
2008-04-02;0;914,4875;17,2625;25,5;20,4625;16,6;82,625;62;8,5;2,404167;
2008-04-03;0;914,008333;17,491667;27,5;21,425;16,9;79,958333;53;6,4;1,766667;
2008-04-04;0;913,8125;17,658333;27,6;21,883333;18;78,375;50;8,9;1,945833;
2008-04-05;0;913,983333;18,133333;28,8;22,179167;18,4;79,291667;48;7,2;2,25;
2008-04-06;0;915,016667;18,229167;28,1;22,058333;18,3;80,208333;48;8,5;2,2875;
2008-04-07;0;915,908333;17,866667;26,1;21,441667;17,8;81,125;59;7,2;1,8125;
2008-04-08;0;916,804167;17,833333;27,7;21,425;16,7;81,5;57;8,3;1,854167;
2008-04-09;0;917,0375;17,5375;28;22,225;18,1;76,916667;47;8;2,479167;
2008-04-10;0;915,3375;17,2375;27,3;21,541667;17,2;78,333333;47;8,7;2,520833;
2008-04-11;0;913,508333;17,333333;28,4;21,916667;17,8;77,083333;47;7,6;1,766667;
2008-04-12;0;913,083333;17,65;29,3;22,2375;18,4;77,833333;42;8,1;2,120833;
2008-04-13;0;913,966667;17,6875;29,5;22,3;17,2;77,291667;44;7,6;1,870833;
2008-04-14;0;914,479167;16,908333;30,2;22,604167;16,2;73,375;35;6,9;1,829167;
2008-04-15;0;915,033333;17,575;29,4;22,545833;16,8;75,375;42;8,9;1,8375;
2008-04-16;0;917,2625;17,7625;27,8;21,45;16,4;81,166667;49;11,1;2,2125;
2008-04-17;0;918,2875;17,441667;27,8;20,858333;15,4;82,916667;49;9,5;2,595833;
2008-04-18;0;917,304167;16,8625;27,2;21,645833;17,9;76,833333;43;8,3;2,420833;
2008-04-19;0;916,466667;15,416667;27,5;20,420833;13,6;76,166667;44;8,9;2,029167;
2008-04-20;0;916,841667;16,733333;26,8;20,441667;15,1;80,958333;55;7,8;2,208333;
2008-04-21;0;917,458333;15,5;27,5;21,029167;16,5;73,291667;40;8,5;2,220833;
2008-04-22;0;916,775;15,908333;27,6;20,841667;13,7;75,583333;46;7;2,054167;
2008-04-23;0;915,341667;16,683333;29,3;21,783333;14,2;75,416667;43;8,2;1,4375;
2008-04-24;0;914,1375;17,466667;31;23,754167;18,8;72,083333;32;7;2,129167;
2008-04-25;0;914,233333;18,5125;29,5;22,4625;19,1;79,958333;46;9;1,9875;
2008-04-26;0;914,308333;19,0375;29,2;22,05;19,1;84,708333;46;6,7;2,1375;
2008-04-27;0;915,3;18,483333;24,9;21,3625;18,4;84,375;66;5,4;1,404167;
2008-04-28;0;915,070833;16,979167;28,5;21,5;15,6;77,958333;41;7,6;1,995833;
2008-04-29;0;915,516667;16,3;27,6;21,879167;17,7;73,75;40;6,6;1,9375;
2008-04-30;0;915,1125;15,154167;28,4;21,258333;16,2;72,958333;33;8;1,945833;
2008-05-01;0;916,034783;16,582609;26,9;20,73913;15,9;79,043478;49;9;2,821739;
2008-05-02;0;916,608333;16,7125;24;19,575;17,2;84,166667;63;10,8;3,279167;
2008-05-03;0;916,366667;17,370833;26,2;20,775;18,2;82,125;56;6;1,866667;
2008-05-04;0;916,666667;16,608333;28,2;20,983333;15,2;78,625;47;8,2;1,870833;
2008-05-05;0;916,654167;14,979167;29,7;21,508333;13,8;70,791667;32;6,5;1,875;
2008-05-06;0;915,004167;15,904167;30,4;22,55;17,5;69,583333;35;8,3;2,2625;
2008-05-07;0;915,475;17,425;28,8;21,879167;17;77,416667;46;7,2;2,125;
2008-05-08;0;916,1625;16,608333;26,5;20,733333;18;79,083333;47;6,8;2,275;
2008-05-09;0;916,325;15,4625;25,7;19,908333;17,3;77,083333;46;6,9;1,954167;
2008-05-10;0;918,05;14,083333;24,6;18,945833;14,8;75,25;47;9,6;2,595833;
2008-05-11;0;919,55;13,829167;24;18,458333;14,6;75,791667;50;10;3,158333;
2008-05-12;0;920,529167;13,4;23,2;18,033333;14,3;75,541667;53;11,1;3,6625;
2008-05-13;0;920,354167;12,920833;23,3;18,329167;15,5;71,833333;51;9,5;3,304167;
2008-05-14;0;919,341667;14,158333;25,5;19,054167;15;74,625;50;8;2,525;
2008-05-15;0;919,716667;16,545833;22,5;18,9125;15,9;86,583333;68;7;2,395833;
2008-05-16;0;919,333333;16,2125;24,5;19,616667;16,7;81,791667;58;6,4;1,6125;
2008-05-17;0;920,008333;16,025;25,1;19,791667;16,5;79,833333;55;10,3;3,079167;
2008-05-18;0;920,2875;14,708333;21,9;18,566667;16,3;78,666667;65;9,8;3,183333;
2008-05-19;0;919,004167;13,85;25,5;19,075;15,1;73,416667;46;7,8;1,983333;
2008-05-20;0;918,245833;13,683333;25,5;19,020833;13,6;73,708333;43;9,2;2,6125;
2008-05-21;0;917,379167;12,383333;25,8;18,208333;11,8;72,833333;31;11,3;1,975;
2008-05-22;0;918,0875;12,904167;26,9;18,608333;10,9;73,458333;36;7,1;1,708333;
2008-05-23;0;917,4125;13,45;26,8;19,470833;12,4;71,083333;41;7,1;1,808333;
2008-05-24;0;917,091667;14,4375;27,7;19,425;12,8;75,791667;38;7;1,408333;
2008-05-25;0;916,083333;14,108333;28,7;20,575;13;70,291667;34;7,7;2,0625;
2008-05-26;0;916,883333;15,9125;27,8;20,879167;15,4;75,5;44;7,9;1,979167;
2008-05-27;0;917,708333;15,608333;26,5;20,895833;17,2;73,791667;44;9,7;2,566667;
2008-05-28;0;918,225;14,804167;25;18,566667;11,6;80,041667;53;8,6;2,408333;
2008-05-29;0;918,108333;15,391667;23,9;18,6125;14,3;82,375;62;7,9;2,183333;
2008-05-30;0;919,166667;14,85;27,1;20,05;14;75,291667;41;8,8;2,116667;
2008-05-31;0;920,225;13,675;26,1;19,866667;12,8;70,125;38;12,2;2,9375;
2008-06-01;0;920,765217;15,578261;21,3;17,96087;16,3;86,26087;69;11;3,186957;
2008-06-02;0;920,291667;15,491667;23,3;17,733333;14,4;87,5;56;9,7;2,408333;
2008-06-03;0;919,675;16,783333;21,2;17,7;16,6;94,375;84;10,1;2,745833;
2008-06-04;0;920,108333;15,970833;19,7;17,0375;15,7;93,541667;80;7,3;2,358333;
2008-06-05;0;920,483333;15,679167;24,5;18,933333;14,9;83,041667;51;8,5;2,229167;
2008-06-06;0;920,977273;15,745455;24;18,718182;14,4;84;59;8,1;2,290909;
2008-06-07;0;920,4125;15,5375;24,6;19,375;16,4;80,166667;52;9,6;2,566667;
2008-06-08;0;920,125;16,0625;24,6;19,295833;16,3;82,541667;57;11,1;3,158333;
2008-06-09;0;920,066667;14,933333;25,1;19,516667;16,7;77,041667;46;11,2;3,2375;
2008-06-10;0;919,691667;13,875;24,9;17,941667;13,4;79,833333;43;8,9;2,1625;
2008-06-11;0;919,095833;12,075;26,3;17,758333;9,9;74,166667;27;8,8;2,129167;
2008-06-12;0;920,054167;15,7625;22,4;17,825;15,2;88,041667;68;9,2;2,8875;
2008-06-13;0;919,541667;14,008333;23,8;18,116667;12,7;79,208333;49;8,3;2,404167;
2008-06-14;0;918,375;14,625;23,7;17,970833;15,5;82,083333;52;9,1;2,366667;
2008-06-15;0;918,808333;11,991667;26,4;18,791667;12;69,833333;31;8,1;1,833333;
2008-06-16;0;919,1;10,7125;26,9;18,504167;9,2;65,041667;33;7,3;2,270833;
2008-06-17;0;920,045833;14,945833;19,8;16,825;14,5;89,041667;63;9,5;2,9125;
2008-06-18;0;919,483333;15,383333;17,5;16,283333;15,3;94,416667;87;9,4;3,25;
2008-06-19;0;919,245833;14,591667;21,6;16,804167;11,9;87,5;67;7,9;2,2625;
2008-06-20;0;918,770833;14,9375;23;17,725;14,2;84,541667;61;6,9;1,854167;
2008-06-21;0;917,625;13,970833;24,4;17,916667;11,9;79,708333;49;6,8;1,766667;
2008-06-22;0;917,625;12,308333;26,6;18,695833;12,8;70,166667;33;8,4;2,5375;
2008-06-23;0;919,579167;13,625;24,1;18,154167;12,1;76,833333;49;9,6;2,358333;
2008-06-24;0;921,0625;14,7375;23,5;18,891667;16,8;77,666667;55;10,9;3,441667;
2008-06-25;0;920,2125;15,725;21,2;17,445833;15,7;90;72;9,4;2,9125;
2008-06-26;0;920,416667;14,570833;21,4;17,329167;15,6;84,583333;61;10,7;3,725;
2008-06-27;0;922,104167;14,466667;19,3;16,058333;14,8;90,541667;76;10,2;3,954167;
2008-06-28;0;923,179167;14,729167;21,6;16,4375;14,6;90;67;9,6;3,283333;
2008-06-29;0;922,4625;13,316667;23,1;17,216667;14,4;79,416667;51;10;3,2125;
2008-06-30;0;921,475;14,891667;22;17,0875;14,8;87,333333;66;8,1;2,891667;
2008-07-01;0;921,670833;15,5875;24,2;18,116667;14,9;85,875;59;8,6;2,575;
2008-07-02;0;922,2;13,9;22,6;17,570833;15,1;80,208333;52;9,7;2,8875;
2008-07-03;0;920,983333;15;22,9;17,525;13,9;86,208333;59;8,3;2,7375;
2008-07-04;0;919,558333;14,375;24,6;18,2625;13,4;79,791667;48;8,4;1,7625;
2008-07-05;0;920,525;14,470833;22,6;17,6625;13,7;83;55;8,5;2,395833;
2008-07-06;0;922,179167;13,354167;22,3;17,416667;14,2;77,958333;56;9,5;3,5125;
2008-07-07;0;922,358333;12,170833;18,3;15,295833;14,1;82,166667;66;9,5;2,908333;
2008-07-08;0;921,358333;9,316667;21,4;15,05;10,2;71,541667;39;9,9;2,904167;
2008-07-09;0;920,916667;10,879167;22,1;15,170833;9,3;77,458333;50;9;2,433333;
2008-07-10;0;922,1875;14,429167;19,7;15,720833;13,1;92,041667;76;8,6;2,904167;
2008-07-11;0;923,475;14,5375;21,4;16,554167;14,6;88,666667;64;10,4;3,733333;
2008-07-12;0;922,533333;12,391667;21;16,454167;14,4;78,041667;51;12;3,695833;
2008-07-13;0;921,0625;10,825;22;15,1875;8,4;77,208333;50;12,1;3,370833;
2008-07-14;0;920,870833;14,033333;19,9;15,6875;13,5;90,083333;72;10,8;3,441667;
2008-07-15;0;922,845833;13,345833;19,3;15,120833;13,1;89,416667;70;9,9;3,15;
2008-07-16;0;923,033333;13,7375;20,2;15,466667;12,8;89,666667;72;10,2;3,125;
2008-07-17;0;921,3;11,295833;22,7;15,208333;7,1;80;48;9,2;2,291667;
2008-07-18;0;920,1;11,841667;27,3;17,5;10,5;74,583333;28;6,5;1,45;
2008-07-19;0;920,4875;12,7;25;17,541667;13,4;76,875;30;8,2;1,975;
2008-07-20;0;921,125;11,466667;22,1;16,275;10,6;75,958333;46;8,6;2,425;
2008-07-21;0;921,541667;9,291667;23,2;15,091667;7,1;71,416667;42;8,8;2,495833;
2008-07-22;0;921,408333;11,975;24,6;16,675;9,7;76,75;43;8,7;2,608333;
2008-07-23;0;920,4125;12,8375;24,3;17,433333;13,6;76,708333;41;7,1;2,070833;
2008-07-24;0;919,270833;11,983333;25,4;17,658333;13;73,75;39;7,8;2,4875;
2008-07-25;0;919,5375;11,325;27,1;18,066667;11,2;69,583333;24;8,3;2,116667;
2008-07-26;0;920,466667;10,516667;26,3;17,970833;10,7;67,375;24;12;2,970833;
2008-07-27;0;922,675;14,604167;21,3;16,570833;15,1;88,25;67;10,2;3,583333;
2008-07-28;0;922,816667;12,508333;21,9;16,266667;13,5;79,875;53;11;3,5125;
2008-07-29;0;921,416667;11,75;23,7;16,595833;11,7;75,375;43;9,6;2,433333;
2008-07-30;0;920,0375;12,679167;23,9;17,066667;12,5;78,125;38;9,4;2,375;
2008-07-31;0;919,491667;12,583333;24,8;17,4125;10,6;76,375;43;9,1;2,5125;
2008-08-01;0;919,3375;11,508333;23,5;17,754167;11,1;70,375;35;9,3;2,733333;
2008-08-02;0;918,266667;12,770833;26;18,0125;11,3;73,5;43;8;2,033333;
2008-08-03;0;916,883333;12,775;29,5;20,341667;13,3;68,5;26;8,5;2,15;
2008-08-04;0;916,466667;13,883333;31,2;22,633333;17,5;63,875;23;9,6;3,558333;
2008-08-05;0;919,55;15,529167;26,6;20,85;17,7;73,458333;46;9,8;2,829167;
2008-08-06;0;919,533333;13,1875;24,9;18,270833;14,2;74,791667;45;12,1;2,9625;
2008-08-07;0;919,4875;13,933333;22,8;17,029167;12,2;83,041667;60;9;2,679167;
2008-08-08;0;918,929167;13,433333;26,3;18,770833;12,6;73,833333;42;7,8;2,083333;
2008-08-09;0;920,045833;12,916667;25,9;19,170833;14,9;71,083333;33;9,3;2,5625;
2008-08-10;0;919,804167;12,004167;25,6;17,554167;9,7;73,833333;38;8,6;2,279167;
2008-08-11;0;920,008333;11,395833;24,6;17,370833;11,1;71,416667;37;11,4;3,2125;
2008-08-12;0;920,25;12,945833;24;17,508333;13,6;76,916667;40;9,5;2,570833;
2008-08-13;0;920,916667;13,079167;24,6;18,133333;13,4;74,666667;42;9,7;2,725;
2008-08-14;0;921,629167;13,075;25,2;17,575;11,9;77,583333;43;10,9;2,895833;
2008-08-15;0;921,725;13,616667;23,5;17,508333;11,7;79,833333;52;10,4;2,625;
2008-08-16;0;920,708333;14,445833;23,1;17,670833;15,5;82,625;53;10,3;3,2375;
2008-08-17;0;920,191667;12,554167;24,8;18,258333;13,5;73;35;12,4;3,175;
2008-08-18;0;920,766667;12,75;21,7;16,333333;11,4;80,25;56;8,6;2,670833;
2008-08-19;0;920,1375;14,395833;21,4;16,0625;12,2;90,041667;69;10,9;3,179167;
2008-08-20;0;919,6375;12,3;23,9;17,3125;14,1;76,041667;35;11,1;3,129167;
2008-08-21;0;919,541667;13,116667;23,1;17,520833;14,1;77,125;52;10,1;3,429167;
2008-08-22;0;919,116667;12,570833;24,7;17,783333;11,1;74,541667;44;9,6;2,408333;
2008-08-23;0;920,091667;13,029167;24,9;18,820833;14,3;71,583333;45;10,8;3,2875;
2008-08-24;0;920,758333;12,279167;24,7;18,204167;15;70,75;39;11,6;3,841667;
2008-08-25;0;920,695833;13,833333;21,6;16,279167;13,6;86,041667;61;11,3;3,45;
2008-08-26;0;919,175;13,6125;24;17,941667;15;77,833333;48;7,8;2,591667;
2008-08-27;0;917,520833;10,220833;26,6;18,645833;11,2;65,125;23;9,4;2,304167;
2008-08-28;0;917,2375;10,629167;26,6;18,670833;11,1;64,5;30;10;2,345833;
2008-08-29;0;917,329167;10,8;28,2;19,591667;12,9;63,791667;21;9,1;2,7875;
2008-08-30;0;916,608333;9,229167;27,2;19,775;12,1;55,083333;24;10,3;3,016667;
2008-08-31;0;918,2125;11,904167;24,4;17,7625;9,2;70,833333;47;9,9;3,191667;
2008-09-01;0;919,4;13,425;23,6;18,354167;15,3;74,25;48;11,4;4,304167;
2008-09-02;0;919,4125;13,391667;22,8;17,729167;14;76,791667;56;9,9;3,2875;
2008-09-03;0;918,733333;13,895833;27,4;19,758333;15,6;71,875;35;10,2;2,954167;
2008-09-04;0;918,195833;11,8375;28,2;19,608333;12,4;66,375;28;10,1;2,225;
2008-09-05;0;918,020833;11,975;27,6;19,495833;12,8;67,041667;31;9,6;2,566667;
2008-09-06;0;918,904167;8,504167;31,7;20,304167;9,4;56,583333;12;9,5;2,779167;
2008-09-07;0;920,1375;12,8375;31,9;21,45;14,6;64,375;20;10,4;3,054167;
2008-09-08;0;920,625;13,4625;28;20,55;15,2;66,708333;34;10,4;2,841667;
2008-09-09;0;921,2625;13,3;25,1;19,541667;15,9;69,333333;43;10,6;3,370833;
2008-09-10;0;922,220833;12,479167;23,9;17,8625;13;72,541667;47;9,8;2,9;
2008-09-11;0;921,3375;12,104167;26;18,366667;13,1;70,583333;38;10;2,9;
2008-09-12;0;919,966667;12,325;28,4;18,633333;9,7;70,791667;35;9,7;2,166667;
2008-09-13;0;918,554167;13,0875;30,3;20,3;12,3;68,041667;27;9,2;2,5375;
2008-09-14;0;918,454167;13,358333;30,8;21,266667;14,4;65,666667;26;8,8;3,091667;
2008-09-15;0;919,441667;14,820833;26,9;19,995833;15,8;74,875;41;9,8;2,983333;
2008-09-16;0;919,445833;13,5125;29,2;20,483333;13,3;67,958333;36;9,5;3,254167;
2008-09-17;0;918,770833;13,845833;28;20,154167;14,6;70,208333;37;9,2;2,645833;
2008-09-18;0;918,283333;14,520833;27,2;20,308333;15,7;72,208333;43;10,3;2,708333;
2008-09-19;0;920,4625;15,725;21;17,654167;16;88,833333;70;10,6;3,825;
2008-09-20;0;920,929167;14,554167;19,4;16,625;14,2;88,083333;75;9,4;3,375;
2008-09-21;0;919,333333;14,291667;28,1;19,616667;15,1;74,833333;34;8,2;2,583333;
2008-09-22;0;916,883333;14,608333;31;21,9875;16,2;67;32;12;3,720833;
2008-09-23;0;914,916667;15,8625;32,2;22,791667;17,9;68,583333;32;10,5;3,279167;
2008-09-24;0;917,25;17,5375;23,9;20,204167;17,8;85,166667;69;8,9;2,979167;
2008-09-25;0;920,120833;15,825;20,8;17,545833;15,6;90,041667;73;9,9;3,766667;
2008-09-26;0;919,683333;14,866667;21,8;17,845833;15,3;82,958333;67;9,4;3,620833;
2008-09-27;0;918,016667;16,1375;19,1;17,420833;16,1;92,166667;86;9,4;1,6375;
2008-09-28;0;916,866667;16,245833;28,5;20,716667;16,5;77,916667;43;8,7;2,229167;
2008-09-29;0;917,7625;17,2875;28,4;21,816667;17,3;77,166667;49;9,2;2,833333;
2008-09-30;0;919,833333;16,916667;25,6;20,179167;17,7;82,708333;56;9,7;2,783333;
2008-10-01;0;917,391667;14,995833;30,1;21,670833;15,1;70,625;29;12,7;2,845833;
2008-10-02;0;916,079167;14,525;31,2;22,070833;15,2;66,875;27;11,1;3,766667;
2008-10-03;0;916,745833;15,041667;29,9;22,0875;15,5;67,833333;34;11,4;3,870833;
2008-10-04;0;917,904167;14,7875;28,2;21,275;15,9;69,5;41;9,2;2,8125;
2008-10-05;0;917,291667;13,954167;30,1;21,383333;15;67,25;31;10,2;3,2375;
2008-10-06;0;918,05;14,129167;32;22,270833;15,1;66,791667;22;10,2;2,8875;
2008-10-07;0;920,691667;14,441667;27,1;21,425;17;67,291667;39;12,1;3,6;
2008-10-08;0;920,25;14,308333;24,5;19,3;14,6;74,5;50;11,3;3,816667;
2008-10-09;0;920,170833;14,1875;26,3;19,175;13,5;74,75;45;11,7;3,866667;
2008-10-10;0;919,845833;15,845833;20,2;17,041667;15,3;92,958333;71;10,6;4;
2008-10-11;0;919,458333;15,958333;20,6;17,175;15,5;92,75;77;11,1;4;
2008-10-12;0;919,841667;15,295833;25,4;19,3125;16,4;79,541667;48;10;3,479167;
2008-10-13;0;920,058333;13,945833;25,7;19,45;14,4;73,125;46;10,4;2,958333;
2008-10-14;0;918,683333;14,6;26,4;20,4;16,7;71,958333;44;10,8;3,016667;
2008-10-15;0;918,820833;13,6;28,4;20,6875;12,8;67,791667;35;9,2;2,579167;
2008-10-16;0;918,1625;13,591667;31,5;21,933333;14,5;65;26;8,8;2,708333;
2008-10-17;0;917,15;13,091667;31,5;22,479167;14,2;61,833333;22;9,4;2,375;
2008-10-18;0;916,941667;13,108333;31,2;22,208333;15,8;62,125;19;9,6;2,870833;
2008-10-19;0;917,291667;13,841667;31,5;22,683333;16,1;63,5;21;12,4;3,541667;
2008-10-20;0;919,879167;13,8;29;21,4375;14,9;66,083333;31;11,1;2,954167;
2008-10-21;0;920,320833;14,7375;27,3;20,608333;15,2;71,791667;39;10,9;3,5;
2008-10-22;0;919,795833;14,541667;27,4;20,633333;14,9;70,75;40;10,4;2,845833;
2008-10-23;0;919,2625;13,079167;28;20,4375;12,9;67,458333;31;12,4;2,9;
2008-10-24;0;919,525;14,054167;28,4;21,083333;16;67,666667;31;10,8;2,816667;
2008-10-25;0;918,783333;12,283333;29,4;20,883333;12,9;63,583333;29;9,3;2,4375;
2008-10-26;0;917,7125;12,345833;30,7;21,7125;13,9;60,916667;26;10,5;2,675;
2008-10-27;0;916,433333;12,775;32,1;22,75;15,3;59,333333;22;10,6;3,241667;
2008-10-28;0;915,233333;12,3375;32,7;23,9125;16,3;57,375;12;10,6;3,191667;
2008-10-29;0;916,3125;14,175;28,8;21,383333;14,1;67,083333;38;11,2;2,983333;
2008-10-30;0;916,55;13,616667;32,6;23,0625;15,6;61,291667;26;9,9;3,1875;
2008-10-31;0;916,045833;14,954167;32,3;23,866667;14,8;61,875;28;10;2,908333;
2008-11-01;0;917,225;14,2875;30,1;22,954167;17,7;62,333333;32;11,4;3,191667;
2008-11-02;0;918,758333;12,0625;30,7;22,179167;15,1;57,75;26;10,9;3,333333;
2008-11-03;0;917,770833;11,183333;33,9;24,033333;14,8;51,791667;17;13,1;2,866667;
2008-11-04;0;915,641667;10,7625;34,9;26,266667;18,8;45,541667;12;10,9;3,7625;
2008-11-05;0;915,466667;11,7125;34,1;25,6125;18,6;45,875;18;12,3;4,6625;
2008-11-06;0;915,191667;12,3875;34,3;24,575;16,5;53,958333;17;12,3;4,175;
2008-11-07;0;913,883333;12,816667;33,6;24,591667;17,6;54,333333;21;12,4;3,216667;
2008-11-08;0;914,182609;14,426087;31,8;24,547826;18,3;58,347826;29;9;2,178261;
2008-11-09;0;914,479167;14,2;32,7;24,491667;19,7;57,625;25;9,8;2,833333;
2008-11-10;0;914,825;14,091667;31,3;23,754167;16,8;59,458333;29;9,8;2,545833;
2008-11-11;0;914,545833;16,958333;26;22,225;19,1;72,791667;54;7;2,0875;
2008-11-12;0;913,575;16,583333;28,2;22,408333;18,5;71;48;10,3;2,975;
2008-11-13;0;913,270833;15,066667;28,9;22,558333;18,4;64,916667;39;9;2,970833;
2008-11-14;0;914,0125;16,2375;30;22,570833;17,9;69,375;39;9,7;3,029167;
2008-11-15;0;912,733333;14,354167;32,9;23,920833;18,2;59,375;27;14,5;3,845833;
2008-11-16;0;912,854167;15,458333;30,6;23,716667;17,3;62,791667;36;8;2,158333;
2008-11-17;0;914,4625;15,45;28,5;22,5625;17,6;66,333333;41;9,2;2,879167;
2008-11-18;0;914,925;16,208333;26,1;21,4875;16,4;72,916667;55;7,4;2,341667;
2008-11-19;0;913,916667;15,933333;29,1;22,170833;17,1;69,416667;42;10,2;2,370833;
2008-11-20;,2;915,4;18,1;21,7;19,366667;18,6;92,583333;81;7,8;2,45;
2008-11-21;7,6;917,7625;16,9625;19,5;17,916667;16,8;94,125;89;8,4;3,158333;
2008-11-22;3,6;918,2625;17,275;21,3;18,383333;16,8;93,333333;81;6,7;2,65;
2008-11-23;18,4;917,295833;16,3;21,9;17,983333;16;90,041667;76;7,8;2,075;
2008-11-24;8,4;916,191667;16,925;25,2;19,529167;16,7;85,916667;58;9,4;2,041667;
2008-11-25;6,4;916,470833;17,2;25,7;19,983333;17,5;84,916667;58;7,6;2,008333;
2008-11-26;1,6;916,575;17,8125;26,1;20,65;17,9;84,583333;59;8,4;2,420833;
2008-11-27;19;916,866667;17,85;23,5;19,5125;17,2;90,541667;67;7;1,4625;
2008-11-28;14,8;915,45;18,1125;23,1;20,054167;18;88,916667;72;5,6;1,629167;
2008-11-29;40,8;915,254167;17,904167;22;18,995833;18;93,5;81;7,2;1,408333;
2008-11-30;12;914,979167;18,108333;25,7;20,458333;17,6;87,166667;63;6,2;1,570833;
2008-12-01;,2;914,308333;19,033333;28;21,7125;18,7;85,666667;59;9,9;1,979167;
2008-12-02;30,4;913,383333;18,420833;26,5;21,508333;18,2;83,375;64;11,7;3,108333;
2008-12-03;0;910,741667;18,583333;28,5;22,9;20;77,458333;55;12,5;3,933333;
2008-12-04;0;912,620833;18,691667;28;23,025;20,1;77,666667;55;10,5;3,2;
2008-12-05;13,6;916,3625;19,25;23,7;20,583333;18,7;92,166667;77;8;1,929167;
2008-12-06;2,6;918,245833;17,779167;24,9;19,720833;17,4;88,875;69;8,6;2,933333;
2008-12-07;1,8;919,166667;18,3375;23,4;19,529167;17,9;92,916667;79;8,1;2,7;
2008-12-08;11;919,508333;17,341667;20;18,216667;17,1;94,666667;87;8,7;3,295833;
2008-12-09;,2;918,283333;16,533333;22,8;19,5625;16,7;83,166667;69;8,6;2,4375;
2008-12-10;0;915,7;16,983333;27,7;21,125;17,4;78,583333;49;8,3;2,345833;
2008-12-11;0;914,866667;16,670833;29,3;21,204167;15,6;77,375;43;8,6;2,4625;
2008-12-12;0;914,9875;17,65;29;22,504167;18;75,583333;47;8,4;2,75;
2008-12-13;0;915;17,516667;26,9;21,5;17;79,25;56;6,9;2,041667;
2008-12-14;0;915,5375;18;27,1;21,745833;18,4;80,5;54;7,7;1,8625;
2008-12-15;0;913,633333;17,129167;27,6;22,1875;18,4;74,708333;50;8,8;2,45;
2008-12-16;0;912,8625;16,808333;25,3;20,845833;16,9;78,458333;61;7,6;2,541667;
2008-12-17;0;914,391667;17,854167;26,4;21,475;17,7;80,791667;60;9,3;2,2375;
2008-12-18;0;915,225;17,491667;27,7;21,891667;17,9;77,75;53;7,7;2,316667;
2008-12-19;0;914,6375;15,866667;26,3;21,2375;16,1;73,708333;45;8,5;2,795833;
2008-12-20;0;914,066667;17,3375;24,7;20,495833;18,2;82,5;62;7,4;2,0875;
2008-12-21;3,4;914,770833;17,158333;26,4;20,8375;16,3;80,708333;55;6,8;2,0625;
2008-12-22;0;915,8875;17,425;26,8;20,720833;17,7;82,583333;56;9,1;2,3;
2008-12-23;,4;916,525;17,9625;25,3;20,458333;17,5;86,208333;62;8,4;1,85;
2008-12-24;10;914,9625;18,766667;26,2;21,216667;18,8;86,875;63;7,2;1,583333;
2008-12-25;19;913,370833;18,525;27;20,845833;18,3;87,083333;61;10,6;2,420833;
2008-12-26;14;912,970833;18,475;27,1;21,929167;17,7;81,875;60;11,8;2,620833;
2008-12-27;0;914,133333;18,170833;27,1;21,608333;18,2;81,916667;56;7,7;2,620833;
2008-12-28;,2;915,108333;17,070833;27,6;21,179167;16,4;79,375;49;7,4;2,0625;
2008-12-29;0;915,595833;16,533333;28,3;21,270833;15,9;76,208333;47;7,5;2,404167;
2008-12-30;0;915,4625;16,404167;28;21,208333;15,1;76,125;49;8,8;2,670833;
2008-12-31;0;915,804167;16,670833;28,3;22,3;18,3;71,916667;46;6,6;1,804167;
2009-01-01;0;915,0875;17,0875;29,3;22,383333;17;74,708333;45;6,8;1,758333;
2009-01-02;0;913,820833;18,408333;29,9;22,925;18,1;77,166667;50;7,1;2,179167;
2009-01-03;,2;912,929167;19,520833;30,2;23,295833;20;80,458333;52;9;1,866667;
2009-01-04;0;913,058333;19,220833;29,2;22,845833;19,6;81,25;49;8,6;2,041667;
2009-01-05;3;914,116667;19,079167;24,6;21,341667;19,6;87,083333;71;10,8;2,679167;
2009-01-06;3,8;914,475;18,854167;28,4;21,9625;18,9;83,5;54;8,5;2,154167;
2009-01-07;44;915,258333;19,041667;26,9;21,058333;18;88,708333;63;2,6;null;
2009-01-08;4,2;916,145833;18,3375;26,3;21,479167;18,3;83,125;62;null;null;
2009-01-09;0;918,154167;17,316667;26,3;20,75;17,3;81,916667;50;null;null;
2009-01-10;1,6;919,5375;17,754167;25,3;20,1;18;86,833333;62;null;null;
2009-01-11;5,4;918,7125;17,904167;26,4;20,995833;17,7;83,625;55;null;null;
2009-01-12;8,4;917,708333;19,108333;26,5;20,583333;19,1;91,458333;60;null;null;
2009-01-13;10,4;917,416667;18,704167;27,2;21,65;18,5;84,708333;50;null;null;
2009-01-14;,2;917,083333;16,7375;27,6;20,95;16,4;79;43;null;null;
2009-01-15;0;916,1125;17,304167;30,4;21,725;17,1;77,791667;45;null;null;
2009-01-16;0;916,745833;17,658333;28,1;22,220833;18;77,041667;48;null;null;
2009-01-17;0;916,991667;17,925;29,1;21,895833;17,8;79,708333;48;null;null;
2009-01-18;0;917,121739;17,878261;28;22;17,3;79,043478;54;null;null;
2009-01-19;0;916,316667;16,258333;28,6;21,8125;16,4;72,791667;39;null;null;
2009-01-20;0;915,229167;16,191667;29,1;21,683333;16,2;73,333333;37;null;null;
2009-01-21;0;915,516667;17,483333;29;22,329167;16,3;75,666667;51;null;null;
2009-01-22;0;915,65;18,595833;30;22,645833;18,2;79,208333;50;null;null;
2009-01-23;10,2;915,9875;19,175;28;22,320833;19,1;83,375;62;null;null;
2009-01-24;0;915,345833;17,875;27;21,325;18,3;81,833333;54;null;null;
2009-01-25;1,4;914,875;19,629167;26;21,120833;19,4;91,25;73;null;null;
2009-01-26;20,6;916,45;19,079167;26,7;20,625;19,1;91,25;63;null;null;
2009-01-27;46,4;917,595833;18,25;27,9;21,604167;17,8;82,375;54;null;null;
2009-01-28;1,4;917,2625;16,4125;27,4;21,1375;16,4;76,375;47;null;null;
2009-01-29;0;917,4625;15,620833;27,8;21,066667;14,4;73,541667;43;null;null;
2009-01-30;0;916,679167;16,483333;28,1;21,325;15,2;76,041667;43;null;null;
2009-01-31;,2;915,716667;16,329167;28,4;21,65;14,9;74,208333;41;null;null;
2009-02-01;0;915,313636;18,140909;28,4;22,313636;17,9;78,772727;54;null;null;
2009-02-02;,4;915,625;17,895833;28,2;22,225;18,1;78,333333;48;null;null;
2009-02-03;0;917,2625;17,870833;27,4;21,8625;18,4;79,375;54;null;null;
2009-02-04;0;917,683333;18,616667;27;21,625;17,6;83,708333;61;null;null;
2009-02-05;,2;916,85;18,533333;28;21,875;17,1;82,458333;55;null;null;
2009-02-06;8;916,866667;18,316667;28,9;22,229167;17,7;80,041667;52;null;null;
2009-02-07;0;916,75;17,629167;29,1;22,504167;16,8;76,125;47;null;null;
2009-02-08;0;916,0375;16,5625;30;22,570833;16,8;72,25;37;null;null;
2009-02-09;0;915,570833;18,420833;29,4;23,054167;18,4;77;48;null;null;
2009-02-10;0;916,375;18,120833;28,9;22,395833;17,7;78,208333;54;null;null;
2009-02-11;0;916,645833;17,025;29,3;21,833333;14,6;76,583333;38;null;null;
2009-02-12;0;914,395833;17;30,3;22,2125;16,9;74,958333;42;null;null;
2009-02-13;0;912,766667;17,9875;27,7;21,645833;17,2;80,833333;55;null;null;
2009-02-14;0;914,179167;16,954167;28,9;22,383333;17,1;73,791667;43;null;null;
2009-02-15;0;915,545833;16,604167;28,2;21,004167;15,7;77,625;48;null;null;
2009-02-16;1,8;915,879167;17,329167;26,1;20,370833;16,7;83,458333;58;null;null;
2009-02-17;,2;916,620833;17,704167;27,3;21,116667;17,6;81,916667;55;null;null;
2009-02-18;8,8;916,558333;17,575;24,5;20,175;18,4;85,5;66;null;null;
2009-02-19;1,4;916,279167;17,458333;25,5;19,4375;17,4;88,75;59;null;null;
2009-02-20;5,8;915,391667;16,975;26,5;20,2875;15,9;82,875;54;null;null;
2009-02-21;0;914,95;16,445833;28,3;21,279167;15,3;76,291667;44;null;null;
2009-02-22;0;916,2875;16,129167;28,1;21,358333;15,1;74,833333;43;null;null;
2009-02-23;0;916,05;16,6;27,5;20,0625;14,2;81,875;53;null;null;
2009-02-24;,6;915,329167;17,666667;28,6;22,016667;17,8;77,916667;51;null;null;
2009-02-25;,2;915,658333;17,279167;29,1;22,1375;16;76,583333;42;null;null;
2009-02-26;,8;915,695833;18,920833;27,7;21,975;18,9;83,625;57;null;null;
2009-02-27;1,2;916,3;17,954167;25,1;19,870833;17,8;89,208333;62;null;null;
2009-02-28;6,8;916,808333;17,5125;27,1;20,954167;16,9;82,166667;55;null;null;
2009-03-01;0;917,158333;17,9875;27,6;22,020833;17,3;79,25;56;null;null;
2009-03-02;0;917,075;17,4375;28,4;22,475;17,9;75,125;48;null;null;
2009-03-03;0;916,308333;15,675;30,3;22,541667;16,6;69,25;27;null;null;
2009-03-04;0;914,920833;16,195833;30,5;23,095833;16,7;68,291667;39;null;null;
2009-03-05;0;914,566667;16,541667;31;23,425;17;68,291667;34;null;null;
2009-03-06;0;914,7125;16,875;31,1;23,679167;17,2;68,875;37;null;null;
2009-03-07;0;915,033333;17,4875;30,6;23,508333;17,7;71,041667;39;null;null;
2009-03-08;0;915,95;18,858333;29;23,204167;19;78,416667;51;null;null;
2009-03-09;0;915,904167;16,958333;29,3;22,895833;18,5;71,666667;42;null;null;
2009-03-10;0;916,05;16,8;29,4;21,991667;16;74,916667;42;null;null;
2009-03-11;0;915,758333;17,104167;28,7;22,05;15,8;75,75;46;null;null;
2009-03-12;,2;915,345833;16,083333;28,9;21,683333;15,7;73,541667;40;null;null;
2009-03-13;0;914,245833;14,1125;31,9;22,425;14,6;65,708333;24;null;null;
2009-03-14;0;914,0125;14,525;33,6;23,995833;17,3;61,916667;23;null;null;
2009-03-15;0;914,558333;15,483333;34,4;25,579167;18,2;58,5;23;null;null;
2009-03-16;0;914,945833;17,1;29,8;24,058333;19,4;67,166667;44;null;null;
2009-03-17;0;916,879167;18,491667;28,2;21,35;17,4;84,666667;52;null;null;
2009-03-18;5,6;916,570833;18,275;30;22,6625;19,2;78,5;46;null;null;
2009-03-19;,8;915,866667;18,55;27,4;22,104167;19,8;81,291667;56;null;null;
2009-03-20;0;915,225;18,204167;28,7;22,333333;18,1;79,083333;46;null;null;
2009-03-21;1;914,4875;19,154167;29,7;22,604167;19,7;82,333333;49;null;null;
2009-03-22;,6;913,5;19,508333;29,5;22,808333;19,4;83,208333;51;null;null;
2009-03-23;0;913,325;18,241667;30;23,054167;18;76,041667;46;null;null;
2009-03-24;0;913,7875;18,270833;28,4;22,866667;18,6;76,833333;51;null;null;
2009-03-25;0;913,5125;18,2125;29,5;22,0375;18,9;80,583333;50;null;null;
2009-03-26;6,8;913,758333;19,295833;27,7;21,795833;18,1;86,25;61;null;null;
2009-03-27;9,8;915,079167;19,695833;23,3;21,208333;19,8;91,25;78;null;null;
2009-03-28;84,4;914,016667;18,408333;30;22,5125;17,2;79,833333;47;null;null;
2009-03-29;,6;913,429167;18,733333;30,4;24,129167;19,5;74,125;43;null;null;
2009-03-30;0;913,625;19,145833;29,6;23,945833;18,9;76,25;47;null;null;
2009-03-31;0;912,820833;19,483333;29,3;22,85;18,9;82,166667;51;null;null;
2009-04-01;,6;913,179167;18,829167;29,5;23,2875;18,3;77,791667;49;null;null;
2009-04-02;1,4;914,204167;19,625;23,8;21,283333;19,5;90,416667;81;null;null;
2009-04-03;,4;915,0375;19,3125;26,4;21,2;19,4;89,291667;65;null;null;
2009-04-04;4,4;915,533333;18,595833;26;21,179167;17,7;85,666667;67;null;null;
2009-04-05;4,2;915,291667;19,820833;26,9;21,354167;19,6;91,291667;65;null;null;
2009-04-06;2,4;915,925;18,954167;26,6;22,104167;19,4;83,25;60;null;null;
2009-04-07;,2;916,208333;18,041667;28,9;22;17,5;80,208333;47;null;null;
2009-04-08;0;915,229167;18,191667;29,8;21,941667;18;80,833333;48;null;null;
2009-04-09;1;915,120833;19,220833;24,2;21,2875;19;88,291667;71;null;null;
2009-04-10;,4;915,175;19,5875;28;21,683333;18,4;88,666667;58;null;null;
2009-04-11;33,8;916,120833;19,533333;25,4;21,1125;20;91,041667;71;null;null;
2009-04-12;42,2;917,695833;18,695833;25,5;20,983333;18,9;87,5;60;null;null;
2009-04-13;5,8;918,6;18,308333;23,8;19,633333;18,3;92,291667;74;null;null;
2009-04-14;4;919,029167;18,654167;24,9;20,183333;18,1;91,291667;73;null;null;
2009-04-15;10;918,1875;18,283333;26,9;21,3625;17,2;83,75;53;null;null;
2009-04-16;0;918,833333;17,9125;25,6;20,8125;17,5;84,333333;62;null;null;
2009-04-17;1,2;918,975;17,854167;24,7;20,266667;18,3;86,791667;61;null;null;
2009-04-18;,2;918,304167;17,095833;22,7;18,9;17,3;89,416667;74;null;null;
2009-04-19;,8;918,095833;17,583333;22,3;19,05;17,6;91,333333;77;null;null;
2009-04-20;1,4;918,133333;17,583333;25;20,2;17,1;85,541667;63;null;null;
2009-04-21;0;918,804167;17,879167;24;20,225;18,3;86,625;68;null;null;
2009-04-22;1;918,166667;16,529167;23,3;19,079167;16,6;85,708333;64;null;null;
2009-04-23;0;916,295833;17,266667;24,5;19,804167;17;86;62;null;null;
2009-04-24;6,2;915,770833;16,941667;26,9;20,6625;15,1;81,333333;47;null;null;
2009-04-25;,4;916,325;17,35;27,3;21,0125;16,7;81,375;43;null;null;
2009-04-26;0;916,858333;18,045833;26,5;21,0875;16,8;83,875;58;null;null;
2009-04-27;0;915,979167;19,033333;28,9;22,079167;17,9;84;51;null;null;
2009-04-28;36,2;916,466667;18,475;21,9;19,8625;18,3;91,916667;80;null;null;
2009-04-29;8,6;917,716667;17,083333;20,8;18,783333;17,2;90;80;null;null;
2009-04-30;,2;917,716667;17,275;25,4;20,320833;17,5;83,291667;63;null;null;
2009-05-01;0;917,8375;16,3375;22,6;19,083333;17,1;84,75;61;null;null;
2009-05-02;0;918,033333;16,416667;20,9;18,033333;16,9;90,5;75;null;null;
2009-05-03;3,2;917,945833;16,145833;20,9;17,795833;16,3;90,333333;76;null;null;
2009-05-04;,2;917,983333;16,2375;23,1;19;16,3;84,708333;67;null;null;
2009-05-05;,2;918,8375;17,204167;21;18,3375;17,1;93,208333;79;null;null;
2009-05-06;,4;918,15;16,983333;24,6;19,645833;16,1;85,5;60;null;null;
2009-05-07;,2;917,616667;17,75;26,5;21,166667;17,1;82,291667;50;null;null;
2009-05-08;0;918,254167;17,8;24,3;20,4125;18,3;85,625;67;null;null;
2009-05-09;0;918,8;17,258333;22,1;19,45;17,7;87,5;75;null;null;
2009-05-10;0;917,995833;16,675;24,3;19,5375;16,4;84,166667;62;null;null;
2009-05-11;0;917,05;15,008333;24,4;18,5875;13,5;81,125;54;null;null;
2009-05-12;0;916,9125;15,075;24,5;18,345833;13,2;82,583333;48;null;null;
2009-05-13;0;916,666667;16,175;25,7;20,016667;14,9;79,833333;53;null;null;
2009-05-14;0;916,579167;17,895833;25,6;20,720833;16,9;84,541667;65;null;null;
2009-05-15;,2;914,791667;17,829167;27,9;21,895833;16,3;79,791667;46;null;null;
2009-05-16;0;915,329167;18,2875;28,7;21,683333;16,9;82,708333;50;null;null;
2009-05-17;3,6;917,8;18,733333;24;20,420833;19,3;90,375;71;null;null;
2009-05-18;2;920,025;16,683333;20,1;17,720833;16,5;93,708333;84;null;null;
2009-05-19;,2;919,9125;14,85;19,9;17,275;15,4;85,833333;73;null;null;
2009-05-20;0;919,754167;14,441667;20,5;17,229167;15,8;84,208333;68;null;null;
2009-05-21;0;919,883333;14,075;21,7;16,95;13,7;83,583333;64;null;null;
2009-05-22;0;920,633333;15,2875;21;17,425;15,8;87,541667;75;null;null;
2009-05-23;1,6;920,991667;17,120833;20,6;18,025;17;94,5;88;null;null;
2009-05-24;2,4;920,083333;14,679167;21,8;17,425;14,9;84,958333;56;null;null;
2009-05-25;0;918,466667;14,583333;23;17,8;13,7;82,583333;58;null;null;
2009-05-26;,2;918,045833;14,745833;23,2;18,054167;15;82,416667;57;null;null;
2009-05-27;0;917,829167;15,875;22,7;18,220833;13,1;86,791667;68;null;null;
2009-05-28;,6;918,433333;18,441667;23,6;19,6875;17,3;92,666667;77;null;null;
2009-05-29;8,8;918,8125;16,9625;24,8;19,65;17,3;85,166667;62;null;null;
2009-05-30;,2;919,225;17,316667;22,7;19,208333;17,7;89,083333;71;null;null;
2009-05-31;0;918,3625;16,925;22,6;18,933333;16,6;88,541667;72;null;null;
2009-06-01;,4;916,0875;16,991667;28,6;21,145833;15,4;80,041667;40;null;null;
2009-06-02;0;915,775;17,266667;29,1;22,854167;19,4;72,375;41;null;null;
2009-06-03;21,2;918,020833;18,379167;22,6;19,7875;18,6;91,708333;77;null;null;
2009-06-04;1,2;920,545833;17;19,9;17,9;16,8;94,458333;85;null;null;
2009-06-05;1,2;920,716667;17,4125;21,5;18,495833;16,6;93,541667;78;null;null;
2009-06-06;1;920,208333;17,529167;23,4;18,966667;15,9;91,625;73;null;null;
2009-06-07;5,2;919,7875;16,795833;22,3;18,766667;17,1;88,791667;71;null;null;
2009-06-08;3,4;920,820833;14,895833;17,8;15,908333;14,8;93,708333;87;null;null;
2009-06-09;1;921,079167;14,5375;20,4;16,616667;14,8;87,875;73;null;null;
2009-06-10;1;921,095833;16,3;22,6;17,875;14,8;91,041667;67;null;null;
2009-06-11;2,2;921,008333;16,625;23,9;19,1375;16,8;86,375;61;null;null;
2009-06-12;,2;919,8125;16,0125;23,9;18,175;14,6;87,958333;66;null;null;
2009-06-13;,2;918,370833;15,554167;25,5;18,25;13,7;85,666667;51;null;null;
2009-06-14;,2;919,225;15,645833;21,8;17,708333;14,8;88,125;66;null;null;
2009-06-15;0;920,2875;15,7125;20,2;17,2875;15,6;90,666667;76;null;null;
2009-06-16;0;919,829167;15,395833;21,7;17,241667;15,7;89,166667;67;null;null;
2009-06-17;,2;918,291667;15,066667;25,5;18,575;14,4;82,666667;44;null;null;
2009-06-18;,2;918,270833;15,875;26,4;19,616667;15,3;81,5;43;null;null;
2009-06-19;,2;919,604167;15,929167;23,3;18,633333;16,4;85,041667;62;null;null;
2009-06-20;0;920,35;14,9625;22,8;17,620833;14,5;85,291667;61;null;null;
2009-06-21;,2;919,925;13,795833;22,1;16,854167;14;83,416667;55;null;null;
2009-06-22;,2;919,054167;13,791667;22,1;17,170833;13,5;81,75;59;null;null;
2009-06-23;0;919,283333;15,5;24,1;18,116667;14,1;85,666667;65;null;null;
2009-06-24;0;919,854167;16,491667;25,2;19,55;15,8;83,625;58;null;null;
2009-06-25;,2;920,008333;16,225;25;19,2;14,9;84,208333;54;null;null;
2009-06-26;0;920,5125;15,783333;25,9;19,575;14,9;80,458333;47;null;null;
2009-06-27;0;922,079167;16,0125;23,8;18,5625;15,3;85,791667;60;null;null;
2009-06-28;0;920,929167;15,929167;22,2;18,070833;16,3;87,583333;67;null;null;
2009-06-29;,2;919,158333;15,308333;23,8;18,258333;13,8;84,125;59;null;null;
2009-06-30;0;919,041667;15,5375;22,2;18,5;16;83,625;63;null;null;
2009-07-01;0;918,6125;14,7;24,9;18,458333;14,6;80,583333;39;null;null;
2009-07-02;,2;918,995833;15,1375;24,3;18,283333;14;83,166667;51;null;null;
2009-07-03;0;919,283333;14,841667;25;18,854167;14,8;79,333333;46;null;null;
2009-07-04;,2;919,475;14,808333;24,9;18,4875;14,4;81,083333;46;null;null;
2009-07-05;0;920,845833;14,558333;23,2;18,245833;14,4;80,5;54;null;null;
2009-07-06;,2;921,683333;14,766667;21,9;17,154167;13,1;86,5;61;null;null;
2009-07-07;1,8;921,258333;14,85;18,3;15,966667;14,5;93,375;80;null;null;
2009-07-08;,8;921,195833;14,795833;20,6;16,329167;14;90,916667;74;null;null;
2009-07-09;,6;920,891667;15,6625;21,5;16,9125;14,9;92,583333;75;null;null;
2009-07-10;,6;919,958333;15,416667;20,6;16,7375;13;92,166667;79;null;null;
2009-07-11;,2;918,758333;15,783333;25;19,245833;16,3;81,958333;52;null;null;
2009-07-12;,2;918,391667;16,354167;27;19,995833;15,6;81,416667;48;null;null;
2009-07-13;0;920,404167;15,595833;25,2;19,158333;15;81,25;54;null;null;
2009-07-14;2;921,85;16,883333;23,3;18,625;16,9;89,916667;68;null;null;
2009-07-15;,2;921,216667;15,3;23;18,458333;15,3;83,083333;54;null;null;
2009-07-16;,8;922,283333;15,479167;20;16,916667;14,9;91,291667;78;null;null;
2009-07-17;,8;922,4125;15,7125;21,3;17,15;14,3;91,416667;77;null;null;
2009-07-18;3,8;921,191667;14,675;22,9;17,0125;14;86,916667;60;null;null;
2009-07-19;,4;918,1875;13,7875;26,7;17,570833;10,1;81,458333;37;null;null;
2009-07-20;0;917,920833;14,875;27,1;19,558333;13;77,791667;36;null;null;
2009-07-21;0;919,329167;15,620833;23,1;18,733333;16;83,041667;62;null;null;
2009-07-22;0;919,441667;15,966667;25;19,4375;16,2;81,458333;55;null;null;
2009-07-23;0;918,133333;14,845833;25,8;19,475;15,1;77;45;null;null;
2009-07-24;,2;918,445833;15,233333;26,3;19,4125;14,7;79,208333;43;null;null;
2009-07-25;0;920,429167;15,675;24,3;18,366667;15,7;85,166667;57;null;null;
2009-07-26;,6;921,341667;13,308333;23,5;16,779167;10,3;82;51;null;null;
2009-07-27;0;920,408333;12,779167;26,4;17,779167;9,9;75,833333;42;null;null;
2009-07-28;,2;919,920833;15,845833;25;19,045833;16,3;82,791667;58;null;null;
2009-07-29;,2;919,704167;13,333333;25,4;17,620833;10,2;78,625;45;null;null;
2009-07-30;,2;920,5;14,241667;24,5;17,816667;14;81,375;48;null;null;
2009-07-31;,2;921,8375;14,020833;23,4;17,479167;12,8;81,666667;56;null;null;
2009-08-01;,2;921,566667;16,504167;24;18,458333;15,3;89,041667;65;null;null;
2009-08-02;2,4;921,729167;15,666667;23,7;18,225;14,9;86;57;null;null;
2009-08-03;,8;922,129167;14,333333;24,5;18,870833;15,5;77,416667;45;null;null;
2009-08-04;,2;920,875;13,429167;23,8;17,620833;12;78,75;46;null;null;
2009-08-05;,2;920,441667;13,304167;23,4;17,491667;12,9;78,666667;50;null;null;
2009-08-06;0;920,525;14,1;25,3;18,475;13,8;77,791667;48;null;null;
2009-08-07;0;920,983333;13,229167;24,9;18,833333;14,2;73,166667;34;null;null;
2009-08-08;0;921,954167;14,5875;24,1;18,6125;14,7;79,25;46;null;null;
2009-08-09;0;921,0625;14,808333;24,1;18,220833;14,4;81,541667;58;null;null;
2009-08-10;0;920,116667;13,6125;25,2;18,808333;13;74,583333;46;null;null;
2009-08-11;0;920,1125;13,308333;27;18,9875;13,4;72,625;34;null;null;
2009-08-12;,2;922,55;13,829167;21,9;16,633333;11,2;84,041667;66;null;null;
2009-08-13;1,4;922,404167;15,041667;20,8;16,5;14,8;91,291667;71;null;null;
2009-08-14;4,4;920,454167;14,729167;21,8;16,795833;14,4;88,291667;65;null;null;
2009-08-15;1,2;919,875;14,195833;22,1;16,554167;12,8;86,875;60;null;null;
2009-08-16;,8;920,658333;14;23,2;17,533333;14,4;81,708333;49;null;null;
2009-08-17;,2;919,783333;13,570833;23,5;17,433333;12,4;79,916667;48;null;null;
2009-08-18;1,6;918,291667;14,495833;25,6;18,533333;14,9;79,416667;44;null;null;
2009-08-19;0;916,4875;15,391667;29,1;20,483333;14,7;75,833333;33;null;null;
2009-08-20;0;916,295833;15,975;29,7;21,795833;17,3;73,25;33;null;null;
2009-08-21;0;915,291667;16,120833;31;22,75;17,1;70,791667;30;null;null;
2009-08-22;,2;917,35;16,654167;21,7;18,2;16;90,958333;78;null;null;
2009-08-23;1;919,183333;15,916667;20,1;16,841667;15,4;94,333333;83;null;null;
2009-08-24;3,2;919,141667;16,729167;24,7;18,879167;16,2;88,375;58;null;null;
2009-08-25;,8;919,05;15,391667;23,9;18,745833;16,4;82,083333;56;null;null;
2009-08-26;,2;919,525;14,966667;22,7;17,679167;13,5;84,875;65;null;null;
2009-08-27;3;920,745833;14,895833;24,6;18,979167;15,8;79,25;52;null;null;
2009-08-28;0;920,629167;14,175;24,3;18,775;15,3;76,541667;47;null;null;
2009-08-29;0;920,4;14,970833;24,1;18,5375;14,4;80,875;57;null;null;
2009-08-30;,8;920,6875;14,008333;21;16,95;15;83,541667;64;null;null;
2009-08-31;0;920,625;13,641667;20,7;15,929167;13,6;86,5;69;null;null;
2009-09-01;,2;920,608333;14,508333;24,8;17,204167;9,6;85,583333;61;null;null;
2009-09-02;0;919,945833;13,75;26,1;19,475;13,3;71,666667;44;null;null;
2009-09-03;0;919,458333;13,45;27;19,9375;13,2;69,375;40;null;null;
2009-09-04;0;918,625;15,5125;29,5;21,0125;14,6;74;38;null;null;
2009-09-05;0;918,1625;15,991667;29,6;21,8;16,6;72,916667;33;null;null;
2009-09-06;0;918,991667;15,366667;28,2;21,408333;16,8;71,166667;41;null;null;
2009-09-07;0;918,375;16,033333;28,3;21,4625;16,3;73,583333;45;null;null;
2009-09-08;0;917,878261;15,3;27;20,634783;17,1;73,652174;41;null;null;
2009-09-09;0;919,529167;15,279167;27,2;19,7;15,4;77,375;43;null;null;
2009-09-10;0;921,85;14,466667;26,3;19,4875;15,8;75,166667;39;null;null;
2009-09-11;3;922,3125;16,545833;21,6;17,929167;16,7;91,833333;74;null;null;
2009-09-12;3,8;921,033333;14,604167;24,3;17,6375;12,9;83,583333;57;null;null;
2009-09-13;0;920,029167;14,1625;25,1;18,808333;15,1;76,25;45;null;null;
2009-09-14;,2;919,8375;13,0875;27,5;19,579167;13,3;69,833333;35;null;null;
2009-09-15;0;919,629167;11,941667;28,2;20,304167;12,9;64,333333;20;null;null;
2009-09-16;0;919,1875;14,341667;26,7;20,379167;16,5;71,166667;43;null;null;
2009-09-17;0;918,045833;13,904167;26,9;20,491667;16,4;69,25;34;null;null;
2009-09-18;0;917,2625;13,541667;28,3;21,029167;15;67,208333;32;null;null;
2009-09-19;0;917,520833;14,175;30,7;21,8;15,1;66,833333;28;null;null;
2009-09-20;0;917,266667;13,8;31,3;22,258333;15,1;63,416667;29;null;null;
2009-09-21;0;916,654167;15,795833;29,7;22,420833;17,1;69,166667;38;null;null;
2009-09-22;0;916,204167;16,675;30,3;22,675;17,5;72,041667;34;null;null;
2009-09-23;0;916,133333;14,104167;31;22,875;17,4;63;26;null;null;
2009-09-24;0;915,525;16,016667;33,3;23,566667;16,8;67,333333;30;null;null;
2009-09-25;17,8;917,641667;18,475;23,6;20,575;18,4;88,25;71;null;null;
2009-09-26;,8;919,866667;16,85;25,6;19,529167;16,6;85,708333;56;null;null;
2009-09-27;1,4;919,379167;15,329167;26,7;20,691667;17,3;74,291667;41;null;null;
2009-09-28;,4;919,791667;14,25;31,9;21,404167;14,5;68,583333;23;null;null;
2009-09-29;0;918,0625;12,308333;32,5;23,875;16,6;53,208333;21;null;null;
2009-09-30;0;918,620833;14,7125;27;21,220833;14;67,375;47;null;null;
2009-10-01;,4;920,454167;17,216667;21,2;18,720833;17,5;91,166667;79;null;null;
2009-10-02;,8;919,558333;16,333333;24,4;18,854167;16,4;85,958333;64;null;null;
2009-10-03;0;918,6625;15,695833;28,2;21,483333;16,4;72,458333;44;null;null;
2009-10-04;0;918,0375;13,683333;27,6;21,108333;16,5;66,166667;34;null;null;
2009-10-05;0;917,9875;13,975;26,6;20,420833;15,5;68,916667;41;null;null;
2009-10-06;0;918,404167;15,9;26,2;19,779167;15,4;79,625;53;null;null;
2009-10-07;null;null;null;29,2;null;17,6;62,933333;42;null;null;
2009-10-08;0;917,15;16,083333;30,5;22,804167;18,3;69,166667;34;null;null;
2009-10-09;0;915,8875;17,604167;24,5;20,820833;17,5;82,5;64;null;null;
2009-10-10;1,4;915,370833;17,833333;24,8;19,654167;17,8;89,666667;66;null;null;
2009-10-11;null;null;null;null;null;null;null;65;7,4;null;
2009-10-12;null;915,304167;16,591667;27,7;21,079167;16,1;77,166667;52;8,4;2,720833;
2009-10-13;0;914,895833;15,116667;30,9;22,933333;16,6;67,541667;29;9,5;2,245833;
2009-10-14;0;915,1125;16,266667;28,8;22,375;16;71,666667;40;10,3;2,708333;
2009-10-15;0;915,129167;15,875;29,8;21,845833;15;72,5;36;8,9;2,533333;
2009-10-16;0;916,383333;16,108333;30,5;23,1125;18;68,25;31;10,6;2,783333;
2009-10-17;0;916,85;15,225;30,2;22,65;16,9;67;35;9,3;2,479167;
2009-10-18;0;915,429167;14,920833;31,2;22,55;16,2;66,25;33;9,8;2,916667;
2009-10-19;0;914,170833;15,195833;31,2;22,795833;17,1;65,5;34;10,2;3,554167;
2009-10-20;0;914,441667;14,358333;29,6;22,65;16,7;62,541667;35;10,1;3,404167;
2009-10-21;0;914,579167;17,054167;32,2;23,508333;18;70,375;36;9,4;3,133333;
2009-10-22;4,6;913,491667;18,595833;32,1;24,204167;19,8;73,625;38;9,6;2,316667;
2009-10-23;,8;913,354167;18,5125;31,9;22,9375;19;79;40;11;2,8625;
2009-10-24;17,4;914,195833;18,654167;27;21,216667;18,5;85,916667;56;6,9;1,841667;
2009-10-25;3,6;913,541667;19,016667;28,3;22,716667;19,6;80,833333;52;8,9;2,141667;
2009-10-26;,4;913,954167;19,083333;28;22,004167;20,1;84,333333;52;7,8;2,558333;
2009-10-27;26;914,333333;19,016667;27,9;21,733333;18,7;85,125;58;11,4;2,591667;
2009-10-28;50,8;914,991667;17,8625;24,4;20,516667;17,5;85,375;65;10,7;3,420833;
2009-10-29;2,2;914,475;17,083333;24,6;20,4;17,7;81,666667;61;9;2,8375;
2009-10-30;8;912,575;17,470833;25;20,795833;18,4;82,041667;61;10,3;2,520833;
2009-10-31;56;913,891667;18,6375;23,9;20,4;18,9;89,791667;72;8,2;2,079167;
2009-11-01;6,4;914,666667;17,529167;27,3;21,745833;18;78,125;52;10,6;3,529167;
2009-11-02;0;916,295833;17,5875;27,3;21,583333;18,2;78,916667;55;7,8;2,4625;
2009-11-03;0;915,658333;15,4375;27,3;20,933333;16,5;72,875;43;8,8;2,720833;
2009-11-04;0;916,6125;14,716667;27,3;20,9;15;71,208333;38;8,4;2,75;
2009-11-05;0;918,658333;16,379167;26,4;20,845833;17,2;76,875;53;8;3,016667;
2009-11-06;0;917,4625;16,366667;28,1;21,3875;16,3;75,208333;43;9,3;3,05;
2009-11-07;0;916,025;15,495833;27,7;20,8125;14,4;74,083333;40;8,8;2,429167;
2009-11-08;0;914,9125;16,483333;29;21,816667;15,9;73,958333;42;10,7;2,5875;
2009-11-09;0;914,6;18,625;28;22,804167;19,3;78,125;53;8;2,329167;
2009-11-10;1;915,354167;17,795833;27,7;22,5125;19,1;76,458333;50;8,2;2,545833;
2009-11-11;0;914,883333;15,379167;29,5;21,658333;15,8;70,708333;32;8,6;2,5;
2009-11-12;0;914,229167;16,0875;28,1;21,829167;16,8;72,125;46;9,6;2,654167;
2009-11-13;0;914,7125;14,508333;28,2;20,9;14,2;70,833333;34;9,2;2,545833;
2009-11-14;0;916,166667;16,670833;28,2;20,845833;15,2;78,541667;46;8,9;2,220833;
2009-11-15;0;915,25;17,366667;29,6;22,8;17,9;73,666667;44;6,9;2,066667;
2009-11-16;0;913,195833;17,083333;30,8;23,466667;16,5;71;24;7;2,079167;
2009-11-17;0;914,570833;18,5375;29;22,591667;17,9;79,416667;50;11,1;2,883333;
2009-11-18;,8;916,608333;18,545833;23,6;20,154167;18,2;90,5;79;10,5;2,870833;
2009-11-19;,4;917,1625;17,3125;27,9;21,679167;18,2;77,791667;46;11,2;3,233333;
2009-11-20;0;917,433333;15,358333;27,8;21,579167;16,7;71,125;35;9,3;2,6875;
2009-11-21;0;918,208333;14,916667;28,4;21,508333;15,8;69,958333;35;9;2,4875;
2009-11-22;0;917,929167;13,108333;28,3;20,741667;13,9;66,583333;22;10;2,758333;
2009-11-23;0;915,333333;16,470833;28,9;21,783333;16,6;74;42;8,3;2,595833;
2009-11-24;0;914,079167;16,6125;29,4;22,1;17;74;41;7,4;2,420833;
2009-11-25;0;915,058333;16,508333;29,1;22,170833;16,1;72,25;46;8,3;2,4125;
2009-11-26;0;916,533333;16,075;29,3;22,233333;17,4;70,708333;42;8,5;3,291667;
2009-11-27;0;916,3375;15,425;29,9;22,408333;17,1;68,041667;34;9,5;3,591667;
2009-11-28;0;915,141667;14,75;32,3;23,1625;16,1;64,208333;22;10,8;2,925;
2009-11-29;0;914,591667;15,241667;32,6;24,016667;17,5;63,875;22;8,1;2,591667;
2009-11-30;0;913,5125;14,8125;32,8;24,716667;18,9;58,791667;21;12;3,0625;
2009-12-01;0;914,245833;17,766667;28;22,733333;20;74,833333;46;8,1;2,3;
2009-12-02;1,2;914,729167;16,2125;30,5;23,158333;18,3;68,958333;32;10;2,866667;
2009-12-03;0;915,120833;17,266667;29,5;21,958333;17,9;76,541667;43;8,6;2,325;
2009-12-04;32;914,475;18,545833;26,3;21;18,8;86,5;65;8,9;2,466667;
2009-12-05;,8;914,683333;18,5;24,3;20,758333;18,8;87,166667;71;7,7;2,1875;
2009-12-06;2,6;916,329167;17,275;26,6;22,104167;18,7;75,708333;49;9,3;2,491667;
2009-12-07;0;916,2625;16,416667;29;22,104167;17,2;72,416667;42;8,3;2,420833;
2009-12-08;0;915,579167;16,720833;30,2;22,870833;18;71,166667;40;7,5;2,166667;
2009-12-09;0;915,4125;15,454167;30,5;23,075;17,3;66,791667;26;8,2;2,329167;
2009-12-10;0;916,233333;14,9875;28,5;21,891667;15,1;68,458333;32;9,2;2,383333;
2009-12-11;0;916,8125;15,158333;29,1;21,875;14,3;68,291667;39;9;2,4;
2009-12-12;0;915,754167;15,6625;29,8;22,216667;16,6;70,541667;33;7,5;2,004167;
2009-12-13;0;913,7625;16,7875;32,1;24,083333;16,9;66,958333;35;9,9;2,479167;
2009-12-14;0;914,683333;17,383333;31,2;24,65;19,9;67,083333;37;9,9;2,670833;
2009-12-15;0;916,854167;17,320833;26,6;21,4;16,8;78,583333;57;10,8;2,983333;
2009-12-16;0;917,3625;15,841667;28,8;22,341667;16,9;69,333333;39;8,9;2,545833;
2009-12-17;0;917,108333;16,583333;29,3;22,891667;18;69,916667;43;8,9;2,475;
2009-12-18;0;916,9125;15,479167;31,5;23,170833;16,2;66,708333;31;7,6;2,070833;
2009-12-19;0;917,704167;15,95;30,2;22,916667;17;68,416667;34;8,1;2,6125;
2009-12-20;0;918,2125;15,858333;28,1;22,458333;19,2;68,083333;43;8;2,579167;
2009-12-21;0;918,6375;16,154167;29,1;21,966667;17;72,208333;33;10,5;2,3125;
2009-12-22;2,4;918,558333;16,775;29,7;22,233333;17,3;73,458333;43;8,7;2,370833;
2009-12-23;0;918,508333;15,283333;30,5;22,675;15,3;67,375;30;8,2;2,35;
2009-12-24;0;917,0625;15,283333;31,3;23,0625;16,1;66,208333;30;7,1;1,995833;
2009-12-25;0;915,454167;15,4375;31,6;23,5875;17,9;62,458333;33;8;2,466667;
2009-12-26;1,2;915,179167;17,716667;26,6;20,979167;19;82,25;58;12,7;2,6;
2009-12-27;3,8;914,408333;17,454167;30,2;23,279167;18,9;72,083333;40;9,9;2,7;
2009-12-28;0;914,779167;18,425;28,2;23,2125;20,5;75,75;54;10;2,466667;
2009-12-29;23,6;914,883333;18,804167;28,1;22,3375;19,1;81,666667;53;7,8;2;
2009-12-30;0;914,295833;19,0125;30,8;23,416667;20,4;77,708333;45;10,4;2,158333;
2009-12-31;1,6;914,55;18,554167;29,3;23,266667;19,9;77,25;40;8,4;1,6875;
2010-01-01;0;915,520833;16,8;29,7;23,166667;18;70,5;33;11;3,154167;
2010-01-02;,4;916,8625;17,091667;26,1;21,191667;18,7;78,208333;52;11,4;2,8625;
2010-01-03;1,6;917,529167;17,216667;27,9;20,433333;15;83;52;11;2,329167;
2010-01-04;1;917,3125;16,725;29,3;22,9375;18,8;71,166667;40;8,8;2,320833;
2010-01-05;0;916,054167;16,508333;30,4;23,391667;18,5;68,625;35;8,1;2,5625;
2010-01-06;0;914,670833;17,833333;30,4;22,083333;18,3;78,166667;43;9,5;2,85;
2010-01-07;30,4;915,333333;17,925;29,2;21,65;17,6;80,75;46;8,9;1,970833;
2010-01-08;1;916,358333;17,258333;30,1;22,845833;17,6;73,833333;33;8,8;2,166667;
2010-01-09;0;916,733333;17,0625;28,4;22,545833;18,5;73,958333;39;10,4;2,775;
2010-01-10;0;916,433333;16,7125;26,1;20,116667;13,6;81,5;58;8,1;1,991667;
2010-01-11;,4;915,670833;16,941667;29,5;22,4;17,6;73,958333;38;8;2,1625;
2010-01-12;0;915,954167;16,1625;29,8;22,995833;16,7;69,208333;35;9,9;2,8125;
2010-01-13;0;917,277273;16,886364;29,7;21,363636;16,5;78,590909;40;14,7;2,15;
2010-01-14;9;917,166667;17,845833;29,8;22,8;17,6;75,666667;43;10,2;2,279167;
2010-01-15;0;918,225;17,254167;30,2;23,275;17,7;71,5;40;8,8;2,2125;
2010-01-16;0;919,529167;15,295833;29,2;21,3875;14,6;71,666667;33;9,4;2,458333;
2010-01-17;,2;919,7;16,1875;30;22,883333;18,3;69,041667;36;11,9;3,233333;
2010-01-18;0;918,7625;16,433333;27,7;20,741667;14,1;78,166667;49;9,6;2,520833;
2010-01-19;0;917,229167;14,095833;30,2;22,2125;14,1;65,583333;28;8,8;1,9875;
2010-01-20;0;916,204167;15,308333;30,5;23,070833;16,1;65,375;33;9;2,795833;
2010-01-21;0;916,295833;16,15;31,1;23,583333;18;67,083333;32;9,3;3,458333;
2010-01-22;0;916,6125;17,979167;29,3;21,854167;19;80,083333;45;10,2;2,258333;
2010-01-23;4,4;916,2;17,641667;29,3;21,983333;15,6;78,458333;45;8,6;2,2625;
2010-01-24;,2;915,658333;16,616667;30,3;23,641667;19,3;68,5;33;8,3;2,554167;
2010-01-25;0;915,541667;16,016667;29,8;22,15;15,1;71,333333;34;9,2;2,570833;
2010-01-26;1,4;915,2125;14,204167;30,9;21,891667;14,3;66,583333;25;9,5;2,425;
2010-01-27;0;915,125;15,166667;31,3;22,7375;17;65,833333;31;8,4;2,5;
2010-01-28;0;915,841667;17,458333;30,4;23,104167;18,2;72,833333;41;10,4;2,954167;
2010-01-29;0;916,191667;15,866667;30,2;22,408333;15,4;69,583333;37;10,6;2,783333;
2010-01-30;0;917,5;15,104167;30,7;23,070833;17;65,25;31;12,5;2,904167;
2010-01-31;,4;917,866667;16,0375;30,3;22,754167;16,5;69,291667;35;10,1;2,6375;
2010-02-01;0;918,395833;16,858333;30,5;23,341667;17,7;69,541667;41;10,6;2,945833;
2010-02-02;0;918,2375;15,779167;30,1;22,908333;17,1;67,916667;32;11;3,295833;
2010-02-03;0;917,5875;16,320833;29,9;23,375;18,7;66,958333;40;9,7;2,891667;
2010-02-04;0;917,3;16,6375;30,5;22,225;15;73,333333;41;11;3,120833;
2010-02-05;0;917,054167;17,3625;30,1;22,708333;18,2;73,583333;43;10,8;2,908333;
2010-02-06;0;916,958333;16,791667;29,6;22,470833;18;72,291667;43;8,8;2,325;
2010-02-07;0;916,225;16,579167;30,5;23,116667;17,5;69,166667;38;9;2,375;
2010-02-08;0;915,333333;16,033333;30,7;23,166667;17,1;68,625;34;8,3;2,308333;
2010-02-09;0;914,5625;17,425;30,8;22,954167;18,7;72,875;39;8,5;1,729167;
2010-02-10;1;915,345833;18,633333;26,6;22,15;19,5;81,166667;61;10,1;2,391667;
2010-02-11;0;915,275;17,595833;28,9;21,8;17,5;78,625;50;11,2;2,991667;
2010-02-12;,2;916,804167;16,933333;29,5;21,458333;16,8;78,291667;37;12,8;3,045833;
2010-02-13;2,4;917,5625;17,404167;30,4;22,3875;17,8;76,708333;39;13,3;2,608333;
2010-02-14;0;917,3125;17,054167;27;20,779167;16,7;81,083333;42;9,3;2,5;
2010-02-15;0;916,4625;17,458333;30,5;22,520833;16,1;75,625;37;9,6;2,433333;
2010-02-16;,4;916,35;16,841667;31,7;23,7875;18,4;69,166667;33;8,6;2,341667;
2010-02-17;0;916,020833;16,716667;32,5;24,625;18,1;66,041667;35;8,5;2,433333;
2010-02-18;0;916,591667;16,441667;33,3;24,641667;18,3;65,958333;29;8,7;2,633333;
2010-02-19;0;918,85;16,5375;33,1;24,991667;19,2;63,125;32;11;3,070833;
2010-02-20;0;918,716667;17,1625;29,6;22,858333;18,1;72,541667;40;11,4;2,933333;
2010-02-21;0;917,016667;17,175;29,9;22,804167;18,5;73,458333;39;10,1;2,6875;
2010-02-22;0;916,4375;17,754167;31,3;22,220833;19,2;78,375;34;8,4;1,8875;
2010-02-23;2,2;916,2875;17,975;29,1;22,625;19,5;76,958333;46;7,8;1,829167;
2010-02-24;0;915,616667;15,941667;32;24,145833;17,8;65,125;31;9,4;2,108333;
2010-02-25;0;915,054167;16,783333;32,4;23,65;17,5;68,791667;32;8,6;2,079167;
2010-02-26;,6;914,241667;17,016667;32,3;23,916667;18,2;68,375;34;12,9;2,979167;
2010-02-27;1,6;915,5875;17,291667;31,6;23,958333;18,2;69,375;38;10,6;2,420833;
2010-02-28;0;916,045833;15,858333;32,6;24,054167;17,3;65,083333;31;9,1;2,320833;
2010-03-01;0;915,841667;16,720833;34,2;24,833333;17,3;64,75;29;8,2;1,833333;
2010-03-02;12,8;916,045833;19,841667;27,3;22,654167;20,3;84,541667;60;6,1;1,283333;
2010-03-03;4,6;916,420833;19,9375;25,9;21,591667;20,4;90,5;71;8,6;1,829167;
2010-03-04;23;915,579167;19,120833;28,6;22,533333;19,4;82,583333;51;6,3;1,204167;
2010-03-05;5,6;914,033333;19,5;29;22,733333;19,8;83,208333;55;10,3;2,233333;
2010-03-06;17,8;912,05;19,591667;27,9;22,575;19,4;84,208333;61;9,5;2,216667;
2010-03-07;3;912,1875;20,045833;29,4;23,366667;20,3;82,958333;55;10,3;2,770833;
2010-03-08;80,2;914,683333;19,9125;30,6;23,804167;18,6;80,333333;50;9;2,35;
2010-03-09;1,4;916,129167;20,141667;29,2;23,2;20,9;83,583333;59;8,1;1,920833;
2010-03-10;,2;914,595833;19,704167;31,6;24,3125;20,3;77,458333;45;9,8;1,545833;
2010-03-11;0;913,766667;19,666667;33,2;25,379167;20,2;73,708333;34;9,1;1,6875;
2010-03-12;0;914,554167;19,645833;33,2;25,2875;20,3;74;37;7,9;1,745833;
2010-03-13;0;916,079167;18,733333;31,3;24,770833;20,2;71,833333;41;8;2,1375;
2010-03-14;0;917,670833;17,716667;29,9;23,441667;18,4;72,833333;38;9,1;2,6875;
2010-03-15;0;917,5625;17,6;29,6;22,558333;17,1;75,583333;47;7,1;2,35;
2010-03-16;0;917,575;17,0875;28,3;21,995833;15,9;75,833333;45;8,3;2,375;
2010-03-17;0;917,829167;17,791667;27,7;21,170833;15,7;82,083333;57;9,8;2,395833;
2010-03-18;2,2;918,075;19,316667;26,6;21,3625;19,7;88,458333;69;8,5;2,279167;
2010-03-19;7,6;917,975;18,241667;28;22,041667;19;80,541667;52;8,8;2,395833;
2010-03-20;0;916,708333;18,025;28,3;21,045833;18,9;83,916667;53;9,7;1,6625;
2010-03-21;3,8;914,725;18,208333;29,3;22,65;16,6;78,083333;46;9;1,841667;
2010-03-22;0;915,583333;19,066667;27,8;22,120833;19,5;83,333333;60;11,1;2,625;
2010-03-23;8;916,804167;18,8375;27,3;22,1125;19,1;82,75;57;9,4;2,258333;
2010-03-24;0;917,208333;17,4375;27,9;21,220833;16,4;81;49;9,9;1,954167;
2010-03-25;,6;917,279167;18,358333;25,6;20,5375;17,6;87,75;67;8,5;2,170833;
2010-03-26;2,6;917,341667;18,708333;26,3;20,766667;19,1;88,458333;59;10,2;2,4;
2010-03-27;1,4;916,741667;18,5875;25,8;20,708333;17,8;88,375;66;9,9;2,179167;
2010-03-28;1;916,5625;18,020833;26,3;20,875;16,3;84,875;55;9,8;2,170833;
2010-03-29;0;916,754167;18,433333;27,6;21,4625;15,7;84,125;57;6,9;1,683333;
2010-03-30;,2;916,45;17,670833;29;22,345833;16,6;76,916667;47;7;1,745833;
2010-03-31;0;915,029167;18,420833;29,3;22,804167;17;78,208333;48;9;1,941667;
2010-04-01;0;914,9875;18,479167;28,6;22,833333;19,3;78;50;8,2;2,070833;
2010-04-02;0;915,433333;18,579167;28,4;22,783333;19,6;78,5;51;10,1;2,554167;
2010-04-03;,6;916,470833;19,341667;28,8;22,008333;20;86;52;10,1;2,3625;
2010-04-04;10,6;916,783333;19,225;27,1;21,85;19,3;85,875;59;6,3;1,591667;
2010-04-05;5,4;915,508333;19,354167;29;22,204167;18,1;85,166667;56;8,1;1,320833;
2010-04-06;4,6;913,241667;19,4125;28,3;23,091667;20,1;81,25;54;8,5;2,075;
2010-04-07;21,2;911,8375;19,833333;28,3;22,658333;19,6;84,833333;63;8,4;2,2125;
2010-04-08;,8;913,8375;18,345833;25,4;21,108333;18,5;85,208333;59;5,8;1,6625;
2010-04-09;0;916,983333;16,766667;22,1;19,133333;17,3;86,416667;69;7,2;2,308333;
2010-04-10;0;918,266667;15,233333;22,2;18,720833;16,4;80,583333;62;9;2,916667;
2010-04-11;0;917,245833;15,133333;23,4;19,3125;17;77,833333;56;8,5;2,629167;
2010-04-12;0;917,645833;15,525;23,1;18,7625;15,8;81,958333;64;9,7;3,166667;
2010-04-13;,2;918,858333;17,025;24,3;19,625;17,3;85,5;66;9,9;3,433333;
2010-04-14;4,8;919,3;17,445833;23,2;19,625;17,2;87,75;66;11,4;3,85;
2010-04-15;,4;918,141667;17,166667;23,2;18,941667;16,9;89,625;76;11,9;3,483333;
2010-04-16;1,4;917,054167;18,975;25,3;20,458333;18,2;91,583333;73;8,9;2,416667;
2010-04-17;24;917,916667;19,420833;27;21,845833;18,6;86,791667;65;7,5;1,995833;
2010-04-18;,2;919,5375;18,366667;25,5;20,829167;18,7;86,458333;65;8,2;2,670833;
2010-04-19;0;919,354167;16,891667;25,7;20,508333;17,9;80,666667;57;7,6;2,404167;
2010-04-20;,2;917,475;15,120833;25,7;19,966667;15,7;76,666667;36;7,1;2,05;
2010-04-21;,6;917,283333;17,8625;24,8;20,1625;16,6;87,166667;67;6,2;1,8125;
2010-04-22;,4;917,5125;18,054167;26,9;21,291667;19;82,916667;57;6,3;1,5375;
2010-04-23;,2;917,6375;17,829167;27,3;21,745833;17,5;80,208333;49;5,4;1,758333;
2010-04-24;0;918,095833;17,141667;27,7;21,9;16,7;76,875;41;7,3;1,983333;
2010-04-25;,2;918,341667;17,379167;26,4;20,804167;16,6;82,291667;54;9,2;2,4375;
2010-04-26;,2;917,925;17,079167;27;20,966667;17,7;80,125;52;6,6;1,654167;
2010-04-27;0;918,2375;17,733333;27,8;21,6;16,6;80,083333;51;6,3;1,55;
2010-04-28;0;917,629167;16,95;27,9;21,770833;16,3;76,375;43;9;2,041667;
2010-04-29;,2;918,125;16,545833;26,4;20,8625;16,8;78,166667;49;8,4;2,366667;
2010-04-30;0;917,458333;15,854167;26,1;20,733333;17,4;75,541667;48;7,1;2,241667;
2010-05-01;0;917,445833;16,783333;25,7;20,6625;17,7;79,875;52;6,4;2,054167;
2010-05-02;0;918,758333;16,35;25,6;20,425;17,8;78,916667;50;8,6;2,733333;
2010-05-03;0;920,0125;16,154167;24,1;19,004167;15,9;84,291667;61;10,7;2,975;
2010-05-04;,8;918,570833;14,383333;25,2;18,604167;11,9;77,833333;49;7,2;2,179167;
2010-05-05;0;917,066667;16,675;26,5;20,433333;16,8;80,333333;55;7,4;2,058333;
2010-05-06;0;917,845833;18,329167;26,4;21,4625;18,2;83;64;7,4;2,095833;
2010-05-07;0;918,6;18,2;27;21,558333;18,8;82,166667;58;7,4;1,625;
2010-05-08;,2;917,591667;17,166667;28,2;21,575;16,6;78,458333;44;8,2;2,020833;
2010-05-09;0;916,4625;17,208333;30;22,279167;17,7;76,458333;33;6;1,525;
2010-05-10;0;915,354167;18,0875;27,8;21,845833;17,8;80,625;53;7,4;1,8;
2010-05-11;,4;916,383333;18,483333;24,4;20,766667;18,8;87,041667;71;8,4;2,3875;
2010-05-12;13,6;916,2125;18,541667;26;21,395833;19,1;84,875;63;6,3;1,833333;
2010-05-13;0;916,704167;18,704167;29,1;22,733333;18,9;80,208333;48;9,4;1,920833;
2010-05-14;,2;918,3;19,329167;27;22,379167;19;83,958333;59;8,3;2,195833;
2010-05-15;,2;919,2375;18,579167;22,2;19,958333;19;91,958333;79;8,9;2,795833;
2010-05-16;1;918,341667;17,458333;24,8;20,1375;17,5;85,416667;58;6,8;1,883333;
2010-05-17;0;918,133333;17,333333;27,4;21,079167;16,3;80,75;53;6,9;1,616667;
2010-05-18;0;918,291667;17,633333;25;20,591667;18,4;83,875;65;6,8;2,175;
2010-05-19;0;917,658333;15,625;26,3;20,533333;16,1;74,875;48;6,7;2,1375;
2010-05-20;0;916,45;15,679167;26,1;19,883333;15,3;78,416667;52;5,2;1,35;
2010-05-21;0;915,670833;16,141667;28,4;21,2125;16;75,25;45;6,7;2,241667;
2010-05-22;0;915,091667;16,083333;29,1;21,704167;16,6;73,125;38;6,9;1,6125;
2010-05-23;0;915,4375;17,7625;27,8;21,658333;17,4;80,083333;52;6,4;1,825;
2010-05-24;0;916,233333;17,691667;27,5;22,133333;18,4;77,208333;55;7,1;2,125;
2010-05-25;0;917,65;16,8;27,2;21,445833;18,2;76,916667;48;7,1;1,991667;
2010-05-26;0;917,354167;15,479167;26,7;20,5625;15,8;75,5;41;7,2;1,55;
2010-05-27;0;917,966667;14,708333;25,4;19,425;15;76,333333;45;8,7;2,245833;
2010-05-28;0;918,2625;15,083333;23,8;18,2625;13,9;82,625;58;8,4;2,241667;
2010-05-29;0;918,8625;15,683333;24,7;19,475;15;80,083333;55;8,8;2,445833;
2010-05-30;,2;919,620833;16,425;22,5;18,508333;16,7;88,166667;70;8;2,695833;
2010-05-31;,2;918,375;14,770833;27,5;20,3875;16,5;74,208333;33;7,4;1,470833;
2010-06-01;,2;919,475;15,866667;24,8;19,320833;14,4;81,416667;60;10,2;2,958333;
2010-06-02;0;921,2375;15,591667;20,8;17,191667;15,9;90,458333;75;10,6;3,216667;
2010-06-03;1;922,483333;15,35;21,8;17,3375;15,6;88,666667;66;9,3;2,775;
2010-06-04;5,8;922,8125;15,095833;20,5;16,833333;15,4;89,916667;70;9,6;2,829167;
2010-06-05;,2;920,895833;14,370833;25,5;18,820833;15,1;77,666667;45;6,7;2,054167;
2010-06-06;0;918,558333;14,366667;29,2;21,575;14,1;66,541667;36;8;2,0625;
2010-06-07;0;920,841667;17,166667;22,8;19,616667;17,3;86,083333;72;7,5;2,425;
2010-06-08;0;921,875;15,558333;21,9;18,3625;16,6;84,416667;65;7,1;2,3375;
2010-06-09;0;921,825;13,641667;23;17,720833;13;78,75;50;8,5;2,4625;
2010-06-10;0;921,741667;14,170833;23,7;18,083333;15,6;78,916667;53;8,6;2,9125;
2010-06-11;0;921,091667;14,054167;25,9;18,620833;13,5;77,083333;48;8,2;2,175;
2010-06-12;0;921,6125;13,991667;23,4;18,041667;15,3;78,666667;51;11,1;2,795833;
2010-06-13;0;921,654167;9,425;21,6;15,6375;12;69,333333;36;9,4;3;
2010-06-14;,2;921,604167;10,85;20,1;13,979167;7,9;82,708333;58;10,8;2,279167;
2010-06-15;,2;921,6125;11,066667;23;15,291667;8,4;78,541667;48;8,2;2,091667;
2010-06-16;0;921,079167;12,833333;24,1;16,795833;10,1;79,916667;47;7,8;1,8625;
2010-06-17;,2;919,875;12,958333;25;17,520833;13;77,291667;42;6,5;1,683333;
2010-06-18;0;918,895833;11,75;24,6;17,0125;9,7;73,5;45;8,9;2,425;
2010-06-19;,2;918,620833;12,9875;25,7;17,4375;9,4;77,541667;47;8,6;2,1;
2010-06-20;0;917,458333;14,783333;28,4;19,525;12,7;76,666667;42;6,7;2,05;
2010-06-21;,2;917,429167;15,216667;27,9;20,629167;14,4;74,5;37;11,6;2,15;
2010-06-22;0;918,254167;11,904167;29,9;20,3;12,2;63,291667;28;6,9;1,816667;
2010-06-23;0;920,254167;14,195833;26,6;20,108333;14,7;71,5;41;10,3;2,391667;
2010-06-24;1;922,495833;16,316667;22;17,933333;16;90,333333;73;8,2;2,708333;
2010-06-25;6,6;922,9125;15,945833;19,5;16,866667;15,6;94,416667;85;10,3;3,8125;
2010-06-26;1,4;921,929167;13,641667;22;17,0125;14,1;81,708333;55;10,8;3,716667;
2010-06-27;,4;921,208333;14,658333;22,7;17,9125;15,6;82,458333;57;9,9;3,420833;
2010-06-28;1,6;921,3;15,6;21,2;17,25;15,4;90,208333;76;9;2,983333;
2010-06-29;1,4;920,970833;14,75;22,7;17,9375;16,4;83;55;13,2;3,345833;
2010-06-30;0;921,895833;12,408333;22,1;15,866667;10,6;81,083333;56;10,7;2,691667;
2010-07-01;,2;921,679167;13,629167;23,4;17,470833;13,4;79,958333;52;9,7;3,195833;
2010-07-02;1;921,466667;14,7875;20,5;16,445833;14,3;90,291667;73;9,6;3,433333;
2010-07-03;,2;921,4125;13,983333;21,9;17,416667;14,4;81,041667;60;11,9;3,491667;
2010-07-04;0;920,770833;13,283333;22,1;17,145833;13,8;79,25;53;9,4;3;
2010-07-05;1,6;920,816667;15,270833;21,9;16,908333;14,7;90,291667;71;9,1;2,329167;
2010-07-06;1,6;921,166667;13,170833;22;16,795833;14,1;80,541667;52;12,6;3,745833;
2010-07-07;,2;920,170833;13,504167;22,3;16,558333;13,8;83,166667;53;13,2;3,745833;
2010-07-08;1,6;920,283333;15,416667;24,1;18,016667;14,5;86,083333;57;8,1;2,145833;
2010-07-09;0;920,120833;16,0125;22,6;18,654167;16,1;85;71;8,1;2,108333;
2010-07-10;0;919,716667;16,116667;23,6;19,133333;15,1;83,416667;61;9,1;2,370833;
2010-07-11;1,8;919,0375;15,929167;23,7;17,9875;15;88,458333;63;9,2;2,125;
2010-07-12;,6;919,233333;14,091667;24,6;17,508333;12,1;82,083333;52;8,6;2,491667;
2010-07-13;0;918,645833;15,9375;24,9;18,779167;14,2;84,625;61;7,3;1,820833;
2010-07-14;,4;918,891667;16,254167;26,9;20,375;16,7;79,416667;42;8;2,283333;
2010-07-15;0;920,575;14,7;24,3;19,529167;15,7;75,583333;47;10,5;3,008333;
2010-07-16;,2;921,883333;15,075;22,8;18,229167;16,2;82,666667;53;13,7;3,970833;
2010-07-17;,2;923,104167;14,983333;22,3;17,558333;15,4;85,333333;64;10,5;3,75;
2010-07-18;5,6;922,708333;14,104167;20,8;16,779167;14,3;84,958333;66;11,6;3,55;
2010-07-19;3;922,3625;14,975;20;16,733333;14,7;89,708333;74;9,2;2,7125;
2010-07-20;,8;922,433333;14,45;20,3;16,083333;14,3;90,208333;72;8,7;3,2875;
2010-07-21;,4;922,645833;13,85;21,7;16,1875;13,7;86,875;54;9,3;2,8375;
2010-07-22;,8;922,516667;14,6625;21,3;16,541667;11,2;89,125;71;8,2;2,170833;
2010-07-23;,4;923,691667;13,933333;22,4;16,916667;12,7;83,875;55;9,7;2,325;
2010-07-24;,2;922,825;13,454167;22,6;17,191667;14,6;80,125;45;11,3;3,708333;
2010-07-25;,2;922,575;14,745833;19,3;16,0875;14;91,791667;82;9,3;3,2375;
2010-07-26;5,4;921,654167;14,858333;21,3;16,7375;15,2;89,083333;65;9,7;2,666667;
2010-07-27;2;921,379167;14,904167;23,2;18,004167;14,5;83,208333;54;9,8;2,866667;
2010-07-28;10,2;922,7375;14,9375;21,9;17,420833;16;86,458333;58;13;4,1625;
2010-07-29;2;922,658333;14,020833;21,8;16,766667;14,8;84,875;58;10,5;3,329167;
2010-07-30;3,2;920,741667;14,691667;20,2;16,091667;13,3;91,75;68;9,9;3,216667;
2010-07-31;3;919,3875;12,629167;21,3;16,029167;14,2;81,833333;51;9,2;2,9375;
2010-08-01;0;919,058333;12,558333;23;16,566667;11;78,666667;54;8;2,133333;
2010-08-02;,2;920,3875;13,808333;23,2;17,183333;12,3;81,791667;52;8,9;2,45;
2010-08-03;,4;null;null;18,2;null;15,2;94,117647;83;9,4;null;
2010-08-04;null;921,269565;14,93913;20,4;16,386957;13,6;91,434783;72;8,4;2,113043;
2010-08-05;2;920,9;13,741667;23,3;17,266667;14;81,416667;45;9,6;2,704167;
2010-08-06;0;919,483333;12,25;25;17,858333;11,5;73,416667;37;7,4;1,891667;
2010-08-07;,2;920,941667;13,266667;22,4;17,095833;12,4;79,916667;54;9,4;2,383333;
2010-08-08;1,2;921,729167;13,616667;24,5;17,829167;12,6;78,583333;47;9,7;1,85;
2010-08-09;0;920,941667;11,866667;26,3;18,116667;11;71,208333;32;7,8;2,220833;
2010-08-10;,2;922,216667;11,658333;23,6;16,670833;9,8;74,75;44;11,6;2,795833;
2010-08-11;,2;923,8;13,970833;21;16,970833;12,8;83,25;61;9,7;3,308333;
2010-08-12;,4;923,804167;13,204167;21,1;16,670833;14,3;81,25;54;12,5;3,904167;
2010-08-13;0;922,7875;13,55;21,8;16,4625;12,6;83,458333;62;9;2,908333;
2010-08-14;0;919,229167;13,083333;26,6;18,616667;13,3;74,291667;33;8,5;2,0625;
2010-08-15;0;919,15;13,316667;27;19,633333;14,1;71,041667;32;8;2,108333;
2010-08-16;0;920,479167;14,4125;23,5;17,083333;14,5;84,833333;57;10,3;3,016667;
2010-08-17;0;923,3625;10,975;19,6;14,833333;12,4;78,291667;59;11,8;3,9125;
2010-08-18;,2;923,5625;10,1125;19,1;14,195833;11;77,625;50;10,7;3,683333;
2010-08-19;2,8;921,995833;11,5;19,1;14,041667;10,7;85,5;62;10,6;3,816667;
2010-08-20;1,6;921,3125;13,25;21,3;15,6125;12,5;86,75;62;7,8;2,383333;
2010-08-21;2;921,904167;14,854167;19,8;16,204167;14,2;91,75;75;8,3;2,641667;
2010-08-22;2;922,758333;12,945833;23,1;17,120833;14,4;78,708333;46;9;2,641667;
2010-08-23;0;921,7375;12,55;23,3;16,566667;12;79,625;43;10,7;2,7125;
2010-08-24;,8;920,808333;14,379167;22,5;17,145833;13,7;84,875;54;9,5;2,425;
2010-08-25;,6;920,670833;14,295833;22,7;16,754167;11,5;86,25;60;9,3;2,575;
2010-08-26;,4;920,416667;12,720833;26,1;17,766667;9,8;75,75;42;9,9;2,345833;
2010-08-27;0;919,425;14,379167;26,1;18,720833;12,6;78,291667;43;8,7;2,466667;
2010-08-28;0;918,883333;12,791667;25,5;18,633333;12;71,625;45;8,7;2,4875;
2010-08-29;0;919,7125;13,05;26,1;18,5;13,1;73,25;36;9,5;2,704167;
2010-08-30;,2;920,395833;15,4625;23,2;17,670833;13,2;87,458333;67;9;2,541667;
2010-08-31;4,2;921,295833;14,229167;23,9;18,254167;15,6;79,208333;48;13,2;3,633333;
2010-09-01;,2;922,066667;14,354167;22,2;17,083333;14,5;84,583333;66;11,2;3,425;
2010-09-02;5,8;922,345833;13,975;23,2;18,033333;15,4;79,125;50;11,1;3,070833;
2010-09-03;0;921,6375;12,416667;23,7;15,975;8,4;81,083333;49;8,6;2,183333;
2010-09-04;,2;920,645833;11,666667;25,6;17,595833;10,8;72;32;8,3;2,4625;
2010-09-05;0;919,583333;10,454167;27,6;18,995833;12,4;63,166667;26;11,3;2,9125;
2010-09-06;0;921,675;13,383333;24,4;17,75;13,4;77;46;11,9;3,016667;
2010-09-07;0;921,508333;12,5625;25,1;18,691667;14,5;70,333333;41;11,5;3,4125;
2010-09-08;,2;919,575;15,854167;22,9;18,054167;14,8;87,5;68;7,9;2,295833;
2010-09-09;,8;920,5125;16,0375;23,3;18,6375;16;85,208333;67;11,8;2,741667;
2010-09-10;2,2;922,554167;12,954167;21,4;16,925;13,9;78,208333;61;12,4;4,258333;
2010-09-11;0;922,15;11,616667;22;16,358333;13;75,041667;47;12,6;4,225;
2010-09-12;0;920,658333;11,091667;23,9;16,679167;10,9;72,625;42;10,8;3,041667;
2010-09-13;0;920,095833;12,108333;25;17,908333;11,9;71,791667;44;9,4;2,641667;
2010-09-14;0;920,629167;13,033333;24,6;17,929167;13,5;75,041667;48;8,7;2,666667;
2010-09-15;0;919,1875;13,1375;26,9;19,316667;15,5;70,375;37;14,7;2,604167;
2010-09-16;0;918,3;14,254167;25,9;18,833333;14,5;76,5;48;9,6;2,866667;
2010-09-17;0;918,758333;13,8;25,7;18,875;14,5;75,25;35;9,9;2,895833;
2010-09-18;0;919,175;14,833333;27,5;20,379167;15,7;73,166667;35;9,5;2,870833;
2010-09-19;0;920,641667;14,670833;25,4;18,166667;14,4;81,416667;47;12,7;3,25;
2010-09-20;1,8;920,233333;14,6125;24,5;18,291667;15,6;80,208333;56;10,4;3,575;
2010-09-21;,4;919,5625;13,2875;25,9;18,5875;12,1;73,791667;42;11,5;3,1375;
2010-09-22;0;919,9;12,641667;26,2;18,8125;13,5;70,958333;37;9,6;2,479167;
2010-09-23;0;919,683333;14,754167;26;18,454167;14;80,833333;43;10,5;2,804167;
2010-09-24;3,2;919,079167;14,833333;25,9;19,033333;14,9;79,125;39;9,5;2,75;
2010-09-25;0;918,375;14,7375;27,6;19,941667;14,1;74,541667;39;10,2;3,091667;
2010-09-26;0;917,2875;14,391667;28,7;20,504167;15,7;71,125;32;10,5;3,2625;
2010-09-27;,2;915,6125;14,741667;29,3;21,291667;16,9;69,791667;34;9,3;3,0125;
2010-09-28;0;913,458333;14,266667;31,1;21,270833;15,5;67,583333;32;11,5;3,945833;
2010-09-29;0;913,6;15,9125;33,1;22,983333;16,7;68,833333;30;8,2;2,454167;
2010-09-30;0;914,766667;17,570833;31,8;23,541667;19,3;71;37;10,3;2,041667;
2010-10-01;0;915,341667;13,391667;33,1;23,245833;16,1;61,166667;13;9,6;2,241667;
2010-10-02;0;915,620833;13,3375;32,2;22,020833;14,1;64,083333;21;8,6;2,158333;
2010-10-03;0;916,55;14,2375;34,1;23,216667;14,5;65;18;11,6;2,520833;
2010-10-04;,2;919,5;16,270833;26,5;20,5875;17,5;78,125;50;13,3;3,679167;
2010-10-05;0;917,841667;15,633333;30,2;21,216667;16,6;73,125;37;8,6;2,645833;
2010-10-06;0;916,4375;16,275;31,7;22,891667;15,9;70,208333;34;9,3;2,7125;
2010-10-07;0;917,591667;16,6875;29;22,7125;17,6;71,208333;45;10,5;2,8125;
2010-10-08;0;916,95;15,725;32,8;24;17,6;65,541667;28;10,8;2,825;
2010-10-09;,2;916,25;16,383333;35,1;25,754167;20,4;60,875;23;14,9;3,625;
2010-10-10;,4;919,6125;16,858333;27;20,470833;17;81,333333;51;12,2;4,008333;
2010-10-11;0;918,875;15,6;28,1;20,329167;15,9;76,583333;45;10,7;3,2;
2010-10-12;0;917,8;16,483333;29,7;22,454167;17,8;71,541667;40;9,8;3,041667;
2010-10-13;0;919,470833;15,854167;24,5;19,158333;16,5;82,291667;58;12,5;3,8625;
2010-10-14;0;920,195833;16,125;25,6;19,3125;15,3;82,875;58;10,5;3,1875;
2010-10-15;1,6;918,9;17,1875;28;20,683333;17,9;81,666667;52;9,6;2,875;
2010-10-16;0;918;15,758333;28,2;21,104167;17,2;73,041667;45;10;2,95;
2010-10-17;0;916,583333;14,7875;28,4;21,254167;15;69,541667;40;10;2,995833;
2010-10-18;0;914,991667;15,370833;30,4;22,579167;16,2;66,916667;36;12,6;3,479167;
2010-10-19;0;914,329167;17,8125;30,5;22,141667;19,8;78,791667;43;12,4;3,266667;
2010-10-20;27,6;916,628571;16,904762;19,6;null;17,1;93,285714;87;9;2,547619;
2010-10-21;null;null;null;null;null;null;null;80;6,8;null;
2010-10-22;null;null;null;null;null;null;55,6875;29;8,4;null;
2010-10-23;0;914,9625;10,475;29,8;20,458333;13,2;60,291667;16;9,3;2,275;
2010-10-24;0;913,775;13,6625;32,1;22,566667;14,3;62,916667;27;8,9;2,475;
2010-10-25;0;913,333333;15,970833;30,5;22,841667;15,1;68,541667;40;9,8;2,65;
2010-10-26;0;912,866667;16,004167;30;23,3875;18,7;66,625;33;11,3;3,15;
2010-10-27;,8;911,904167;17,85;29,1;23,304167;19,3;73,458333;46;9,9;2,7;
2010-10-28;2,2;913,5;18,4625;26,2;21,691667;19,2;82,333333;61;11;3,095833;
2010-10-29;0;915,195652;18,265217;28,6;22,986957;19,2;76,086957;54;10,6;2,956522;
2010-10-30;0;915,934783;17,886957;30,7;23,573913;19,8;72,173913;46;9,9;3,13913;
2010-10-31;0;916,140909;16,213636;29,1;23,177273;16,4;67,272727;40;8,9;2,8;
2010-11-01;0;916,304545;15,095455;30,2;23,677273;16,9;62,136364;33;10,1;3,522727;
2010-11-02;0;913,4;17,15;33,3;24;17,8;69,708333;29;11,5;3,095833;
2010-11-03;38;914,466667;18,591667;26,2;21,266667;18,4;85,333333;61;8,4;2,2625;
2010-11-04;null;916,475;18,035;27,1;null;18,6;79,45;53;9,8;3,125;
2010-11-05;null;917,257895;15,168421;28,3;null;17;65,368421;38;9,6;3,068421;
2010-11-06;0;915,0625;14,941667;31,5;23,166667;16,7;65,416667;26;10,7;3,0625;
2010-11-07;0;914,675;16,783333;32,4;23,316667;18;70,166667;30;13,7;3,433333;
2010-11-08;,8;917,020833;16,883333;29,5;23,433333;19,6;69,416667;37;9,8;2,804167;
2010-11-09;null;916,428571;14,652381;27,8;null;16,5;64,285714;39;10,4;2,966667;
2010-11-10;0;915,816667;15,225;26,7;20,1875;14,9;74,708333;50;8,8;2,566667;
2010-11-11;null;916,585;14,395;29,6;null;15,4;62,9;32;8;2,135;
2010-11-12;0;917,308696;16,526087;29,6;22,521739;18,1;71,217391;38;9,5;2,386957;
2010-11-13;null;null;null;28,4;null;17,7;76,176471;49;8,7;null;
2010-11-14;null;null;null;23,5;null;17,9;90;74;8,1;null;
2010-11-15;null;null;null;null;null;null;null;82;5;null;
2010-11-16;null;null;null;null;null;null;80,416667;64;7,7;null;
2010-11-17;null;null;null;null;null;null;79,692308;61;7;null;
2010-11-18;null;null;null;null;null;null;77,153846;59;6,1;null;
2010-11-19;null;null;null;null;null;null;73,8;49;8,1;null;
2010-11-20;null;null;null;28,9;null;16,6;74,1875;51;9,1;null;
2010-11-21;null;915,215789;17,257895;28,5;null;17,2;71,736842;46;10,3;2,705263;
2010-11-22;null;913,178947;16,605263;29;null;16,9;70,736842;42;10,5;2,347368;
2010-11-23;null;911,271429;17,761905;28,5;null;18,3;74,047619;49;10,5;2,457143;
2010-11-24;null;null;null;23,8;null;19;86,0625;76;7,7;null;
2010-11-25;null;null;null;null;null;null;76,9375;56;9;null;
2010-11-26;null;null;null;30,4;null;18,1;68,25;39;7,2;null;
2010-11-27;6,8;913,504167;19,041667;27;22,058333;18,7;83,708333;59;8,4;2,0625;
2010-11-28;2;913,758333;18,958333;26,6;21,866667;19,4;84,125;63;7,8;2,1625;
2010-11-29;1,6;915,779167;18,570833;23,8;20,254167;17,6;90,333333;73;9,2;1,4;
2010-11-30;3;915,379167;18,929167;27,3;21,541667;18,5;85,5;61;7,9;2,3125;
2010-12-01;,4;915,283333;17,2125;27,1;21,866667;18,7;76,25;55;9,1;2,666667;
2010-12-02;0;915,633333;15,283333;29,4;21,241667;15,6;71,333333;35;9,7;2,479167;
2010-12-03;0;914,958333;16,829167;28;21,445833;16,8;76,666667;49;8,4;2,125;
2010-12-04;0;914,366667;17,2375;26,4;20,4125;16,9;83,041667;58;8;2;
2010-12-05;0;914,033333;15,195833;29,1;21,654167;15,8;70,583333;33;6,9;1,666667;
2010-12-06;0;914,179167;18,066667;30;22,791667;17,2;76,625;44;7,9;2,016667;
2010-12-07;,8;912,766667;18,8625;30,9;23,554167;19,7;77,166667;43;10,1;2,458333;
2010-12-08;30,4;911,5125;19,829167;30,2;23,445833;18,9;81,541667;51;8,1;1,845833;
2010-12-09;19,4;910,025;20,225;28,4;22,7625;19,3;86,416667;62;9,5;2,2875;
2010-12-10;,8;912,3125;19,695833;23,6;20,858333;19,3;93,125;81;9,8;1,829167;
2010-12-11;39,2;913,558333;18,8625;24,4;20,704167;18,6;89,458333;75;9,1;2,904167;
2010-12-12;0;911,883333;18,754167;26,3;21,133333;18,6;86,75;70;7,7;2,1125;
2010-12-13;19;909,633333;19,204167;28,5;22,616667;18,9;82,333333;55;9,7;2,245833;
2010-12-14;,2;911,020833;19,266667;27,4;21,958333;19,4;85,25;63;14;2,583333;
2010-12-15;7,6;913,4375;17,920833;28,1;22,516667;18,8;77,333333;48;10,3;2,916667;
2010-12-16;0;915,8875;16,370833;27,4;21,229167;15,8;76,416667;44;8,5;2,25;
2010-12-17;0;915,2625;16,7875;26,1;20,9875;17,8;78,291667;54;8,3;2,479167;
2010-12-18;0;914,1125;16,65;27,1;20,7375;15,9;78,958333;50;9,6;2,3;
2010-12-19;0;914,425;16,620833;27,1;21,079167;16,2;77,458333;50;10,4;2,45;
2010-12-20;0;917,020833;16,054167;27,4;20,908333;15,7;75,583333;50;7,5;2,141667;
2010-12-21;0;917,095833;17,391667;27,7;21,625;15,6;78,416667;53;7,7;2,2875;
2010-12-22;0;915,925;17,495833;28,5;21,554167;16,1;79,333333;50;6,3;1,9125;
2010-12-23;0;913,433333;17,883333;30,5;22,845833;17;75,375;42;8;2,320833;
2010-12-24;0;913,05;17,7625;30,2;22,9875;17,5;74,333333;42;11;2,741667;
2010-12-25;0;914,75;18,870833;28,6;21,8125;19,5;84,458333;56;12,2;2,025;
2010-12-26;16,4;914,658333;18,754167;28,9;21,804167;18,6;83,791667;53;9,8;2,054167;
2010-12-27;6,2;914,041667;18,4;27,5;22,0375;18,1;81,166667;55;8,5;2,245833;
2010-12-28;0;912,508333;16,9375;28,7;21,795833;17,3;76,041667;41;7,5;2,445833;
2010-12-29;0;911,579167;18,3125;25,2;21,8125;18,9;80,875;65;6,5;1,920833;
2010-12-30;1;911,8625;18,845833;21,4;20,366667;19,6;91,041667;86;6,8;2,2375;
2010-12-31;30,4;913,291667;18,179167;24,8;20,320833;17,2;88,041667;69;9;1,820833;
2011-01-01;1,6;913,966667;17,841667;25,2;20,866667;18;83,75;62;9;2,258333;
2011-01-02;0;913,1;15,9;26,7;20,816667;16;75,291667;45;10,2;2,958333;
2011-01-03;0;913,45;17,208333;27,5;20,933333;17;80,541667;52;8,8;2,466667;
2011-01-04;0;914,554167;18,516667;27,8;21,608333;18;83,583333;55;9,6;2,2;
2011-01-05;,2;916,375;17,679167;27,3;22,041667;18,6;77,958333;50;9,3;2,504167;
2011-01-06;0;916,1625;16,983333;27,1;21,033333;17,2;79,291667;50;9,9;2,858333;
2011-01-07;,6;916,029167;17,754167;26,5;20,708333;17,2;84,083333;60;8,9;2,825;
2011-01-08;1;915,804167;17,395833;25,3;19,5875;17,7;87,791667;61;10;2,683333;
2011-01-09;9,8;915,170833;16,65;26,7;20,595833;16,7;79,833333;53;7,4;2,05;
2011-01-10;0;913,708333;15,991667;28,6;20,845833;14,6;75,958333;41;8,8;2,033333;
2011-01-11;0;913,4;17,091667;28,5;21,891667;16,1;75,916667;49;10,9;3,045833;
2011-01-12;0;914,979167;19,1875;25;21,679167;19,9;85,958333;71;8,3;1,475;
2011-01-13;,2;915,391667;18,3125;27,6;22,220833;18,8;79,5;58;9,4;2,216667;
2011-01-14;0;914,8625;19,095833;28,7;22,729167;19,3;80,916667;56;6,5;1,854167;
2011-01-15;1,4;913,695833;16,566667;29,7;21,629167;16;75,583333;39;7,6;2,041667;
2011-01-16;0;914,179167;17,845833;29,7;22,175;17,2;78,375;43;7,1;2,266667;
2011-01-17;,2;915,5125;19,133333;28,4;22,7375;19,2;81,333333;55;6,7;1,9125;
2011-01-18;,2;915,208333;17,041667;28,6;22,754167;18,7;72,666667;40;7,6;2,229167;
2011-01-19;0;913,895833;15,691667;27,5;20,983333;14,6;74,583333;43;10,3;2,191667;
2011-01-20;0;913,058333;16,129167;28,2;21,429167;14,6;74,125;47;8,5;2,3125;
2011-01-21;0;913,195833;17,429167;28;21,175;16,9;80,666667;49;10,3;2,2;
2011-01-22;0;914,608333;18,05;26,5;20,6125;17,3;86,166667;53;9,8;2,6125;
2011-01-23;3;916,016667;18,120833;25,7;20,566667;18,3;86,541667;62;9;2,95;
2011-01-24;2;915,733333;17,5125;24,5;19,391667;16,7;89,083333;66;11,6;2,808333;
2011-01-25;5,6;915,6625;17,729167;25,3;19,941667;17,4;87,625;65;8,2;2,433333;
2011-01-26;2,2;916,3875;17,954167;27,5;21,070833;17,5;83,833333;54;8,6;1,841667;
2011-01-27;3,6;916,229167;18,479167;26,9;20,654167;18,5;87,833333;63;8,1;2,0375;
2011-01-28;3,6;916,725;18,220833;26,3;21,229167;18,7;84;61;9,2;2,641667;
2011-01-29;0;917,933333;16,1125;27,9;20,7;14,3;77,083333;46;8,3;2,0875;
2011-01-30;0;917,545833;16,3875;27,9;21,529167;16,4;74,833333;47;7,2;1,945833;
2011-01-31;,2;916,425;15,479167;29,2;21,6;14,2;71,583333;40;6,7;1,795833;
2011-02-01;0;916,458333;16,679167;28,6;22,216667;16,6;73,208333;47;7,8;2,529167;
2011-02-02;0;916,579167;16,441667;28,9;21,9625;16,4;73,5;44;7,9;2,525;
2011-02-03;0;916,295833;16,504167;28,5;22,183333;17,8;72,541667;42;8,4;2,4625;
2011-02-04;0;915,625;16,979167;28,4;21,358333;16,3;78;48;9,2;2,529167;
2011-02-05;0;915,345833;17,3625;27,8;20,95;16,6;81,291667;51;9,2;2,125;
2011-02-06;,2;916,120833;18,004167;26,2;20,458333;16,7;86,583333;58;10;1,9;
2011-02-07;26,8;917,158333;17,2;27,7;21,408333;17,5;78,625;52;9,5;2,345833;
2011-02-08;0;917,404167;16,466667;28;21,579167;17,4;74,833333;44;8,9;2,4875;
2011-02-09;0;915,8625;16,525;28,6;21,629167;15,5;75,541667;37;8,6;2,295833;
2011-02-10;0;915,1;17,170833;28,1;21,9;17,4;76,416667;50;8,9;2,354167;
2011-02-11;0;916,329167;16,454167;28,3;22,016667;15,7;73,333333;43;9,5;2,4;
2011-02-12;0;916,666667;16,795833;28,4;21,1375;15;78,125;44;8,6;1,991667;
2011-02-13;0;916,233333;17,4625;27,5;21,783333;17;77,833333;53;6,9;2,05;
2011-02-14;0;915,870833;17,045833;27,6;22,125;16,8;74,666667;50;7,5;2,270833;
2011-02-15;0;915,595833;17,075;27,3;21,308333;16,6;78,208333;53;8,1;2,166667;
2011-02-16;0;916,333333;17,041667;28,9;21,291667;16;78,791667;44;11,5;2,804167;
2011-02-17;2;917,041667;18,029167;26,7;20,758333;18;85,083333;58;9,8;2,4;
2011-02-18;2,8;916,775;16,891667;26,6;20,595833;16,8;80,708333;51;11,9;3,3875;
2011-02-19;,6;915,8625;15,7125;27,6;21,441667;17,3;72,625;40;11,2;2,779167;
2011-02-20;0;916,104167;17,216667;29,2;20,675;17,3;81,708333;49;15,2;2,65;
2011-02-21;,6;917,608333;16,0625;28,2;21,575;15,7;73,708333;43;9,5;2,308333;
2011-02-22;0;916,666667;16,141667;28,8;21,091667;14,1;75,75;35;7,7;2,3125;
2011-02-23;1;913,2625;16,745833;32,3;23,966667;17,7;68,041667;32;8,2;2,308333;
2011-02-24;0;912,920833;18,320833;29,6;23,45;19;74,666667;44;8,4;2,3125;
2011-02-25;0;913,95;18,35;30,2;23,666667;18,5;74,25;46;8,6;2;
2011-02-26;0;914,05;17,0875;30,9;23,6;18,5;70,25;36;8,2;2,183333;
2011-02-27;0;913,7875;16,775;30,9;23,170833;17,6;70,666667;35;7,9;2,408333;
2011-02-28;0;913,279167;17,020833;31,1;23,241667;16,9;71,166667;38;7,8;2,241667;
2011-03-01;0;912,891667;17,4375;29,7;22,520833;16,9;75,458333;43;8;1,983333;
2011-03-02;0;913,666667;15,575;31,9;22,929167;17,6;67,541667;29;8,2;2,3125;
2011-03-03;0;914,5;16,075;29,9;22,458333;16,6;70,583333;38;8,1;2,316667;
2011-03-04;0;914,470833;16,725;30;22,658333;17,1;72;40;9,6;2,483333;
2011-03-05;0;914,6375;17,816667;30,1;23,2875;19,7;73,208333;42;9,8;2,208333;
2011-03-06;0;914,104167;16,866667;29,8;22,770833;18,5;71,416667;42;7,9;1,733333;
2011-03-07;6,2;914,233333;17,525;30,7;23,145833;18,7;73,083333;42;7,2;2,008333;
2011-03-08;0;914,791667;17,5;31,7;23,445833;18,9;72,333333;36;7,2;2,020833;
2011-03-09;0;914,12381;18,352381;32,9;null;18,6;79,190476;35;8;1,6;
2011-03-10;null;913,4625;19,333333;28,4;21,908333;19;86,25;58;8,9;2,079167;
2011-03-11;5,8;913,9375;18,9125;29,8;21,816667;18,8;85,125;49;11,2;1,8125;
2011-03-12;9,8;913,508333;19,158333;28,7;22,120833;19,6;84,333333;56;11,5;2,9375;
2011-03-13;8,2;911,625;19,241667;26,5;21,7375;18,7;86,208333;65;9,8;2,516667;
2011-03-14;4,4;912;18,7125;29,4;23,35;19,9;77,333333;46;11,1;2,9375;
2011-03-15;,2;914,1625;18,65;31,7;24,075;18,6;73,875;45;9,1;2,1125;
2011-03-16;0;915,679167;18,7875;30,7;24,341667;20,3;73,125;44;8,4;1,9125;
2011-03-17;0;915,541667;19,5;27,4;22,025;19;86,083333;60;7,2;1,629167;
2011-03-18;4,4;915,85;18,7125;27,2;21,179167;18,9;86,541667;58;7,3;2,008333;
2011-03-19;,4;915,108333;17,829167;27,1;21,1;17,6;82,666667;59;6,7;1,579167;
2011-03-20;0;915,679167;17,2;25,1;20,904167;17,7;80;62;9;2,695833;
2011-03-21;0;915,433333;17,020833;24,2;19,5625;18;85,791667;62;11,4;3,570833;
2011-03-22;2,4;915,566667;18,441667;24,8;19,895833;17,8;91,666667;72;9,1;2,966667;
2011-03-23;2,8;916,8625;18,3625;25,8;20,1;17,8;89,916667;70;10,6;3,1375;
2011-03-24;6,2;917,4375;18,354167;26,9;21,575;18,7;83,25;52;10,6;2,329167;
2011-03-25;0;916,295833;18,9625;26,9;21,720833;18;84,916667;64;7,3;2,241667;
2011-03-26;,4;915,516667;19,166667;26,5;21,645833;19,1;86,5;59;9,2;2,066667;
2011-03-27;4,8;915,820833;18,475;28,1;22,1375;18,7;81,041667;58;8,8;2,266667;
2011-03-28;0;917,169565;17,369565;27,8;21,821739;17,9;77,608696;53;10;1,882609;
2011-03-29;,2;917,52381;17,261905;27,2;null;16,9;84,761905;53;6,9;1,471429;
2011-03-30;null;916,842857;17,909524;28,5;null;17,4;81,857143;50;6,5;2,104762;
2011-03-31;null;915,7375;16,820833;29,9;22,166667;15,6;74,166667;41;9,5;1,845833;
2011-04-01;,2;915,2875;18,316667;31,3;23,3375;18,5;75,916667;38;9,2;2,429167;
2011-04-02;0;915,1625;19,1875;27,7;22,175;19,2;84,041667;60;6,6;1,533333;
2011-04-03;0;914,475;19,179167;27;22,5625;18,8;82,125;62;7,4;1,983333;
2011-04-04;0;915,154167;18,633333;29,6;21,9125;18,7;82,958333;48;6,7;1,2125;
2011-04-05;,6;915,591667;15,825;30;22,55;17,8;69,166667;31;10,5;2,554167;
2011-04-06;0;915,5375;15,3375;30,6;22,916667;16,6;66,166667;30;7,5;2,166667;
2011-04-07;0;916,370833;16,825;28,2;22,570833;19;71,666667;45;9;2,479167;
2011-04-08;0;917,4;17,9;21,8;19,325;16,8;91,666667;79;8,6;2,625;
2011-04-09;6,6;918,320833;17,754167;26,6;20,391667;17,5;85,708333;57;7,8;1,995833;
2011-04-10;1,4;918,1875;17,579167;27,9;21,391667;16,7;80,75;48;9,8;2,0875;
2011-04-11;,6;917,729167;17,304167;27,1;21,166667;18,1;80,291667;48;9,5;2,691667;
2011-04-12;1;916,333333;18,283333;26,4;20,895833;16,8;85,791667;61;10,9;2,658333;
2011-04-13;,4;917,133333;17,766667;24,5;19,408333;15,8;90,666667;67;8,6;1,875;
2011-04-14;4,6;917,145833;18,6875;26;20,716667;18,1;88,666667;65;10,9;2,420833;
2011-04-15;5,8;917,254167;18,45;26;20,6625;18,5;87,958333;60;10;2,5125;
2011-04-16;4,2;916,858333;18,170833;23,4;19,691667;17,6;91,083333;74;11,8;2,820833;
2011-04-17;2;917,058333;18,1375;24,9;19,683333;17,2;91,166667;70;8,8;2,295833;
2011-04-18;15,8;918,4375;18,2625;25,2;20,416667;18,3;88,083333;66;9,1;2,304167;
2011-04-19;2,6;918,629167;17,683333;23,9;19,208333;17,7;91,291667;69;9,3;2,366667;
2011-04-20;2,6;917,445833;17,691667;24,4;19,541667;17,3;89,458333;69;8,4;2,583333;
2011-04-21;,8;917,225;17,120833;25;20,308333;18,2;83,25;54;9;2,470833;
2011-04-22;,2;917,158333;16,654167;25,5;20,179167;16,7;81,708333;55;9,1;2,604167;
2011-04-23;,2;917,1875;17,5125;25,2;19,395833;16,1;89,083333;65;7,3;1,879167;
2011-04-24;2,2;916,633333;16,7125;26,4;20,420833;14,9;80,875;51;7,9;1,8875;
2011-04-25;,2;917,1875;15,6875;25,5;20,1;15,6;77,666667;49;7,9;2,3375;
2011-04-26;0;917,7375;16,7875;25,2;19,795833;16,5;83,708333;58;10,8;2,7875;
2011-04-27;7,2;918,541667;17,504167;22,7;18,891667;17,8;91,833333;72;10,4;2,8375;
2011-04-28;8;918,166667;17,15;23,7;19,270833;16,6;87,958333;69;8,9;2,745833;
2011-04-29;1;917,570833;17,691667;23,9;19,775;17,9;88,041667;73;8,4;2,575;
2011-04-30;,2;916,658333;17,6875;24,9;19,995833;16,6;87,041667;66;8,8;1,770833;
2011-05-01;,2;916,425;18;25,7;20,383333;17,9;86,708333;66;7,7;2,154167;
2011-05-02;,2;916,595833;19,154167;26,7;20,908333;18,8;90,166667;64;7,5;1,733333;
2011-05-03;3,6;917,641667;18,75;24,9;20,920833;19,1;87,666667;72;8;2,095833;
2011-05-04;2,2;918,2125;17,7125;25,6;20,716667;17,9;84,125;58;8,7;2,495833;
2011-05-05;4;918,1125;16,916667;24,8;19,920833;17,2;84;60;9,1;2,066667;
2011-05-06;,6;918,229167;17,825;24,1;19,504167;15,7;90,333333;73;7,4;1,833333;
2011-05-07;0;918,670833;17,245833;25,3;20,308333;17,9;83,583333;58;9,5;2,625;
2011-05-08;0;918,741667;15,175;23;18,695833;16,6;80,75;62;9,5;3,016667;
2011-05-09;0;916,741667;14,383333;23,8;18,2375;14,4;79,791667;55;7,8;2,095833;
2011-05-10;,2;916,958333;14,9875;25;19,3;14,8;77,583333;53;8,2;2,166667;
2011-05-11;0;918,079167;15,15;24,7;19,1375;15,9;78,791667;47;8,5;2,566667;
2011-05-12;0;916,841667;16,05;24,5;19,625;17;80,708333;60;8,4;2,941667;
2011-05-13;,4;916,104167;15,891667;22,7;18,666667;16,6;84,791667;65;7,6;2,241667;
2011-05-14;0;917;15,4875;22,8;18,320833;14,8;84,541667;62;9,3;2,695833;
2011-05-15;0;916,395833;15,629167;23,4;18,754167;15,2;82,958333;61;8,4;2,491667;
2011-05-16;0;914,483333;15,679167;28,7;21,066667;13,9;74,916667;33;7,7;1,741667;
2011-05-17;0;915,466667;16,820833;26,2;20,495833;16,8;80,541667;58;8;2,1;
2011-05-18;0;917,570833;16,204167;22,4;18,466667;16,6;87;70;8,5;2,929167;
2011-05-19;0;918,529167;15,1625;18,7;16,791667;15,6;90,25;80;7,8;2,45;
2011-05-20;5,8;919,8;15,35;20,4;17,475;15;87,583333;73;7,4;2,375;
2011-05-21;0;921,116667;14,55;22,2;17,854167;16,2;81,916667;55;10,2;3,241667;
2011-05-22;,2;920,904167;14,604167;21,3;16,2875;14,3;90;71;9,9;3,491667;
2011-05-23;3,4;920,120833;15,604167;19,8;16,654167;14,9;93,583333;81;9,9;2,941667;
2011-05-24;1,2;919,891667;15,666667;22,8;17,954167;15,7;87,208333;67;8,5;2,658333;
2011-05-25;0;920,295833;14,7375;23,5;17,7875;13,5;83,25;59;8,2;2,154167;
2011-05-26;0;919,916667;12,516667;23;17,6375;11,8;74,458333;37;7,4;2,379167;
2011-05-27;0;918,495833;15,025;25,3;19,129167;15,6;78,541667;52;9;2,041667;
2011-05-28;,2;918,175;15,125;24,5;18,9125;14,4;79,916667;53;7,6;2,208333;
2011-05-29;0;918,725;15,408333;24,7;18,883333;16;81,5;50;6,4;1,775;
2011-05-30;0;919,641667;15,183333;24,9;19,175;16,1;79,25;52;7,8;2,258333;
2011-05-31;0;919,679167;15,475;22;18,1375;15,9;84,875;68;8;2,266667;
2011-06-01;0;918,304167;15,095833;24,2;18,3125;14,1;82,458333;58;6,8;1,745833;
2011-06-02;,8;918,375;16,695833;24,6;19,216667;16;85,916667;62;8;1,891667;
2011-06-03;0;918,45;16,4125;24,6;19,475;16,1;83,333333;61;7,3;1,833333;
2011-06-04;0;917,6625;15,55;28,5;20,833333;16,3;75,708333;35;6,2;1,391667;
2011-06-05;,4;918,554167;16,041667;19,3;17,583333;16,8;90,666667;85;9,7;3,166667;
2011-06-06;0;921,154167;14,079167;18,8;15,933333;14,4;89,083333;75;9;2,708333;
2011-06-07;,4;920,870833;13,945833;24;17,566667;13,4;80,666667;55;7,1;2,170833;
2011-06-08;0;918,3875;13,945833;28,3;19,354167;13,8;74,875;35;9,7;2,6125;
2011-06-09;0;918,225;14,858333;29,9;21,354167;15,9;69,25;33;8,2;2,591667;
2011-06-10;0;918,958333;14,729167;29;20,383333;13,5;73,958333;36;11,3;2,466667;
2011-06-11;0;919,316667;15,883333;25,5;18,979167;14,1;83,333333;58;8,1;2,15;
2011-06-12;,4;921,170833;15,533333;18,9;16,583333;15,6;93,583333;87;10,3;3,5625;
2011-06-13;0;921,820833;13,304167;20;16,670833;14,1;81,125;65;10,5;3,154167;
2011-06-14;0;920,404167;14,854167;22,4;18,2375;15,3;81,291667;64;8;2,775;
2011-06-15;0;920,879167;12,35;21,2;16,2125;12,6;78,625;55;12,6;3,745833;
2011-06-16;,2;920,779167;14,008333;19,7;15,929167;14,1;88,5;73;8,8;3,0125;
2011-06-17;0;920,2625;14,166667;22,2;16,7875;12,1;85,25;64;7;2,179167;
2011-06-18;1;919,066667;16,770833;25,1;18,941667;16,2;88;60;7,5;1,7625;
2011-06-19;0;918,0875;15,658333;25,2;19,4125;15,8;80,791667;51;6,9;2,141667;
2011-06-20;0;918,904167;14,425;24,8;18,941667;16,4;76,916667;42;8,1;2,345833;
2011-06-21;0;919,391667;13,579167;24,9;18,270833;15,1;76,25;43;8,7;2,720833;
2011-06-22;,2;920,054167;12,2125;25;17,55;11;74,208333;40;8,5;1,7875;
2011-06-23;0;920,029167;13,991667;24,5;17,666667;12,8;80,583333;53;7,5;2,233333;
2011-06-24;0;918,604167;14,0375;24,4;18,125;15,5;78,625;48;8;2,641667;
2011-06-25;0;918,783333;14,833333;24,5;18,370833;15;81,291667;51;7,2;2,445833;
2011-06-26;0;918,420833;14,458333;25,6;18,954167;15,7;76,875;46;7,3;1,908333;
2011-06-27;0;917,2375;14,133333;27,8;19,2875;14,9;75,875;32;7,5;1,916667;
2011-06-28;0;918,170833;12,933333;27,5;20,120833;13,9;68,041667;29;8,3;2,179167;
2011-06-29;0;920,133333;15,720833;22,7;18,1875;15,5;85,916667;64;10,8;3,004167;
2011-06-30;3;919,816667;16,508333;20;17,533333;16,5;93,833333;83;11,8;3,2875;
2011-07-01;2;919,920833;13,858333;22,8;17,779167;15,7;79,833333;45;8,6;2,466667;
2011-07-02;,2;920,008333;14,004167;23,1;16,545833;11,3;86,125;59;7,4;1,754167;
2011-07-03;2,6;918,95;14,554167;24,2;18,108333;14,6;81,541667;54;8;2,1;
2011-07-04;,2;918,070833;12,470833;26,4;18,533333;11,6;72,458333;28;6,7;2,133333;
2011-07-05;0;919,154167;13,720833;24,8;18,333333;13,6;76,541667;47;8,8;2,404167;
2011-07-06;0;919,191667;13,320833;29;19,2875;12,4;72,791667;29;7,3;1,5875;
2011-07-07;0;917,275;12,170833;30;20,129167;11,1;65,833333;19;6;1,779167;
2011-07-08;0;917,808333;12,504167;26,9;18,75;10,5;69,708333;36;8,2;2,0875;
2011-07-09;0;921,266667;15,070833;22,3;17,945833;16,3;83,916667;62;9,3;3,041667;
2011-07-10;0;922,8875;11,95;22,3;16,570833;14,1;75,75;50;9,9;2,933333;
2011-07-11;,2;921,4875;11,645833;23;15,279167;8,4;81;47;9,1;1,9625;
2011-07-12;0;920,304167;12,791667;23,6;17,066667;12,1;78,5;43;8,2;2,3625;
2011-07-13;0;919,804167;12,2375;23,8;17,0625;13,1;75,583333;45;9,2;2,341667;
2011-07-14;0;918,5;12,545833;23,6;17,1125;10,9;76,666667;50;8,1;2,291667;
2011-07-15;0;919,083333;13,5;25,7;18,345833;12;75,5;45;8,6;2,333333;
2011-07-16;0;920,516667;14,204167;24;18,266667;14,6;78,708333;51;8;2,4125;
2011-07-17;0;920,5625;12,433333;23,7;17,225;11,8;76,041667;43;9,8;2,404167;
2011-07-18;,2;919,5125;14,079167;24,1;17,15;11,4;83,333333;58;8;1,945833;
2011-07-19;,6;920,170833;15,083333;23,5;17,929167;15,7;84,666667;52;8,5;2,175;
2011-07-20;,2;921,120833;13,4125;22,3;17,116667;14,5;80,291667;56;10,5;2,670833;
2011-07-21;,2;921,4375;12,779167;23,9;16,570833;10,1;80,333333;47;7,9;2,208333;
2011-07-22;1,8;921,466667;14,3125;22,8;17,9;15,4;81,083333;55;7,5;2,054167;
2011-07-23;0;922,708333;13,158333;23,2;17,904167;14,4;75,625;46;12,6;3,325;
2011-07-24;2;923,7875;14,725;20,1;15,954167;13,8;92,333333;76;10,1;3,45;
2011-07-25;6,8;922,958333;13,7;22,3;16,070833;12,3;86,75;58;12,7;3,229167;
2011-07-26;3,2;921,916667;15,066667;22,6;16,6375;13,4;90,75;66;10,4;2,7875;
2011-07-27;5,8;920,520833;14,604167;20,3;16,266667;14,7;90,333333;71;11,8;3,733333;
2011-07-28;,6;919,304167;13,095833;21,6;16,4875;13,1;81,625;57;10,3;3,145833;
2011-07-29;0;917,925;14,395833;22,6;16,729167;12,3;86,875;62;8,3;2,291667;
2011-07-30;0;918,025;15,325;23,9;17,920833;13,3;85,583333;61;7,3;1,766667;
2011-07-31;,4;918,3875;16,2625;25,2;19,416667;15,8;83,583333;53;7,1;2,066667;
2011-08-01;,2;917,083333;13,875;29,4;20,008333;13,2;71,541667;30;10,1;2,266667;
2011-08-02;0;915,808333;14,458333;29,6;20,754167;13,7;71,5;32;8,6;2,558333;
2011-08-03;0;916,7125;15,370833;30,8;21,8;15,8;71,375;27;8,7;2,708333;
2011-08-04;0;917,979167;15,35;31,6;22,458333;17,4;67,416667;27;10,6;3,0625;
2011-08-05;0;921,783333;15,666667;23,7;19,195833;16,1;80,791667;55;11,2;3,604167;
2011-08-06;2;923,1;16,6375;20,7;17,666667;16,2;93,666667;82;10,1;3,6625;
2011-08-07;1,2;922,2625;16,791667;25,9;19,883333;17,1;83,583333;54;8,8;2,766667;
2011-08-08;0;921,35;13,808333;25;18,8625;13,8;75,166667;40;9;2,6;
2011-08-09;,2;919,779167;11,770833;28,6;18,516667;9,8;70,791667;21;7,9;2,020833;
2011-08-10;,2;917,708333;12,329167;30;20,3625;13,4;66,416667;21;11,9;2,429167;
2011-08-11;0;919,108333;14,7625;22,6;18,25;13,3;81;59;9;2,816667;
2011-08-12;,6;920,466667;14,383333;23;17,295833;14,6;84,166667;55;8,7;2,704167;
2011-08-13;0;919,65;14,216667;26;18,458333;14,5;78,416667;42;9,9;2,270833;
2011-08-14;0;918,925;11,345833;27,2;18,333333;12;69,708333;23;7,5;1,825;
2011-08-15;0;919,829167;11,058333;23,2;16,766667;9,3;71,708333;42;12;3,058333;
2011-08-16;0;921,429167;12,108333;23,9;16,695833;11,4;76,25;44;10,3;2,954167;
2011-08-17;,2;920,533333;10,8375;23,9;16,425;9,3;72,875;41;9,3;2,370833;
2011-08-18;0;918,3625;12,054167;26,5;17,691667;9,3;72,916667;38;11,1;2,2125;
2011-08-19;0;918,0125;14,670833;24,4;18,491667;12,9;79,5;55;8,9;2,575;
2011-08-20;,4;917,804167;11,641667;28,7;19,354167;11,1;68,125;23;9,2;2,208333;
2011-08-21;0;919,45;13,629167;25,6;19,083333;13,2;73,416667;40;9,9;2,7875;
2011-08-22;0;920,866667;12,208333;24,8;18,5875;14,4;69,208333;37;11,9;3,404167;
2011-08-23;,8;921,566667;14,991667;20,8;17,025;15,2;88,083333;70;9;3,233333;
2011-08-24;,2;921,529167;14,408333;23,6;18,116667;15,5;80,25;54;9,7;2,591667;
2011-08-25;,4;922,479167;13,5625;24,1;18,1375;13,8;76,916667;42;11,3;2,779167;
2011-08-26;0;922,120833;14,054167;26,7;19,083333;15,5;75,041667;40;8,7;2,291667;
2011-08-27;0;921,379167;13,1125;26,1;18,8125;13,8;72,75;36;10,3;2,891667;
2011-08-28;0;921,820833;13,683333;24,3;18,020833;13,3;77,25;51;10,8;3,220833;
2011-08-29;0;920,6375;12,8625;25,8;18,570833;14,1;72,041667;39;10,1;2,6;
2011-08-30;0;919,866667;11,966667;28,2;19,404167;12,6;66,666667;29;12,7;2,558333;
2011-08-31;0;920,116667;12,825;28,5;19,729167;12,2;69,166667;30;9,7;2,770833;
2011-09-01;0;920,895833;12,366667;26,5;19,991667;15,5;65,916667;33;11,3;3,091667;
2011-09-02;,6;921,883333;14,9625;20,3;17,075;15,4;87,541667;59;10,5;3,6375;
2011-09-03;,2;922,3875;12,0125;22,4;16,733333;14,2;75,666667;46;10,3;3,833333;
2011-09-04;0;922,454167;9,945833;23,4;16,166667;10;69,75;38;9;2,9125;
2011-09-05;0;921,3875;10;23,1;16,195833;9,8;69,208333;41;8,8;2,483333;
2011-09-06;0;919,983333;10,254167;25,7;17,291667;9,5;68,083333;32;8,6;2,583333;
2011-09-07;,2;919,8;11,533333;26,8;18,379167;12,4;68,583333;33;9,7;3,2625;
2011-09-08;0;919,341667;12,041667;26,7;18,716667;12,3;69,083333;36;8,8;3,3625;
2011-09-09;,2;918,229167;12,145833;27,9;19,245833;12,9;68,416667;31;9,2;3,35;
2011-09-10;0;919,041667;9,4;30,7;20,425;12,6;56,416667;14;8,7;3,391667;
2011-09-11;0;920,541667;9,779167;30,1;20,3125;12;58,833333;17;9,1;2,7;
2011-09-12;0;920,595833;12,241667;26,7;19,933333;14,1;65,125;35;11,5;3,520833;
2011-09-13;0;921,066667;11,979167;25,1;17,704167;11,7;71,625;43;10,3;2,5125;
2011-09-14;0;920,895833;12,175;25,6;17,875;10,4;72,125;42;10,9;2,645833;
2011-09-15;0;922,329167;12,804167;26;19,0375;15,3;69,666667;38;12,2;4,220833;
2011-09-16;0;922,825;14,5375;22,5;16,795833;15,3;86,708333;62;10,3;3,708333;
2011-09-17;4,8;922,704167;12,0125;19,4;15,0375;13;82,75;63;13;4,466667;
2011-09-18;1,6;922,779167;12,741667;21,5;15,316667;13,1;85,125;59;11,6;4,020833;
2011-09-19;1,6;921,958333;11,891667;21,1;15,316667;12,6;81,583333;51;10,6;3,758333;
2011-09-20;,6;920,891667;11,425;21,4;15,495833;11,1;78,208333;50;9;2,7625;
2011-09-21;0;919,2875;10,616667;28,7;17,891667;9,9;67,833333;26;8,5;2,420833;
2011-09-22;,2;919,291667;12,283333;27,2;19,2125;12,6;67,875;37;8,8;2,904167;
2011-09-23;0;919,704167;13,116667;28,1;19,733333;14,9;69,291667;34;9,6;2,7;
2011-09-24;0;917,729167;12,504167;32,5;21,641667;13,3;64,708333;16;9,6;2,525;
2011-09-25;0;919,766667;15,425;26;19,625;15;78,041667;50;12;3,808333;
2011-09-26;1,4;922,625;14,045833;19,8;16,3125;14,2;87,041667;70;10,5;4,091667;
2011-09-27;0;921,529167;13,804167;23,3;17,008333;13;82,208333;57;9,8;3,416667;
2011-09-28;,8;920,083333;15,475;26;19,229167;15,6;81,041667;47;9,2;2,35;
2011-09-29;0;919,8375;15,283333;27,3;20,508333;17,3;74,166667;44;9,7;3,266667;
2011-09-30;0;919,008333;14,129167;27,4;19,995833;15,1;71,833333;37;10,4;2,804167;
2011-10-01;0;917,554167;12,9125;27,3;19,366667;13,2;69,666667;37;9,2;2,820833;
2011-10-02;0;916,0875;13,616667;29;20,508333;15;68,666667;33;9,1;3,479167;
2011-10-03;0;915,691667;14,791667;29,8;21,2125;15,9;69,875;35;11,1;3,933333;
2011-10-04;0;918,441667;15,575;24,8;20,566667;17,9;74,166667;51;8,9;2,770833;
2011-10-05;0;919,545833;14,358333;27,6;20,804167;16,7;68,916667;38;10,3;3,408333;
2011-10-06;0;919,25;15,379167;27,9;20,125;15,7;75,791667;44;8,3;2,383333;
2011-10-07;0;918,854167;14,870833;28,4;21,3;16,5;69,958333;33;10,5;2,954167;
2011-10-08;0;918,4375;15,645833;24,3;19,1875;16,6;80,583333;61;10,1;2,770833;
2011-10-09;,2;916,7;14,254167;28,4;20,695833;15;70,041667;39;9,1;2,7375;
2011-10-10;0;914,983333;15,05;30,1;21,858333;16,8;68,416667;37;12,4;2,983333;
2011-10-11;0;915,520833;16,670833;24,8;20,804167;18,4;77,791667;59;8;2,5375;
2011-10-12;,8;915,725;16,1125;24,7;20,295833;17,3;78;55;6,7;2,033333;
2011-10-13;0;915,625;16,3375;25,1;20,804167;18;76,708333;52;8,1;2,766667;
2011-10-14;0;914,220833;15,120833;28,3;21,279167;15,4;70,75;42;8,6;2,975;
2011-10-15;0;913,270833;15,758333;28,7;21,670833;16,5;71,958333;42;8,3;2,370833;
2011-10-16;2,2;912,65;18,05;29,1;21,7375;19,3;80,5;49;7,9;2,366667;
2011-10-17;0;911,425;17,9875;31,1;23,408333;19,6;74,458333;40;10,9;2,491667;
2011-10-18;30,4;912,675;19,1375;21,7;20,175;19,2;93,791667;89;9,2;2,1;
2011-10-19;14,2;917,516667;14,095833;19,6;16,0875;14,2;88,458333;68;12,4;4,525;
2011-10-20;,6;918,05;12,925;18,6;15,429167;13;85,416667;71;12,3;4,616667;
2011-10-21;,2;918,304167;13,691667;18,8;15,683333;13,9;88,041667;74;11,6;4,220833;
2011-10-22;,6;919,1375;15,525;21,9;17,179167;14,2;90,375;73;11,4;3,7875;
2011-10-23;3,8;920,066667;17,4125;24,8;19,179167;15,8;89,916667;67;9,3;2,233333;
2011-10-24;9,6;918,920833;17,604167;24;18,908333;17,3;92,291667;74;10,2;3,095833;
2011-10-25;10;916,791667;17,4875;25,9;19,9125;16,9;86,875;60;10,1;3,275;
2011-10-26;0;916,216667;17,008333;27;21,370833;17,8;77,791667;50;9,1;2,5875;
2011-10-27;0;916,241667;17,2125;29,5;21,9;17,4;76,375;42;9,9;2,925;
2011-10-28;0;915,7625;16,5625;29,5;22,404167;17,4;71,708333;43;7,7;2,641667;
2011-10-29;0;914,645833;16,745833;28,6;22,333333;19,3;72,833333;44;8,3;2,379167;
2011-10-30;0;913,666667;15,6;31,5;22,8625;16,5;68,208333;25;9;2,741667;
2011-10-31;0;913,433333;16,5875;30,3;22,641667;16,4;71,708333;36;9,6;2,558333;
2011-11-01;5,2;916,383333;16,783333;22;17,870833;16,9;93,458333;74;8,1;2,870833;
2011-11-02;1;919,204167;14,266667;16,8;15,329167;14,1;93,333333;87;8,8;3,166667;
2011-11-03;1,2;920,179167;14,608333;18,1;15,708333;14,5;93,333333;81;9;3,25;
2011-11-04;,6;920,45;13,85;19,8;15,675;14,1;89,041667;72;10,1;2,9375;
2011-11-05;0;919,2625;12,320833;22,8;17,495833;14,1;73,708333;47;10,2;2,941667;
2011-11-06;0;918,0625;12,216667;24,7;17,895833;12,5;71,25;45;8,4;2,529167;
2011-11-07;0;916,341667;15,4625;24,9;19,045833;15,2;80,291667;62;7,4;2,45;
2011-11-08;7;916,15;15,608333;19,1;16,7125;16;93,25;80;7,7;2,4625;
2011-11-09;30,2;917,1875;15,375;19;16,316667;14,7;94,125;90;7,6;1,879167;
2011-11-10;6,2;null;null;26,4;null;15,9;88,285714;47;6,9;null;
2011-11-11;null;null;null;null;null;null;65,153846;48;9;null;
2011-11-12;1,2;916,854167;16,420833;26,5;20,4;16;79,333333;53;8,4;2,6125;
2011-11-13;0;916,283333;16,604167;26,5;20,491667;16,1;79,75;53;8,8;2,633333;
2011-11-14;0;916,104167;15,558333;26,7;21,066667;17,5;72,916667;47;10;3,266667;
2011-11-15;0;914,791667;15,966667;27,6;21,066667;16,3;74,583333;47;9,2;2,479167;
2011-11-16;0;913,216667;17,75;29,5;22,6125;18,3;76,083333;48;11,1;2,829167;
2011-11-17;7,4;913,875;19,095833;28,9;22,329167;18,7;83,25;51;6,8;1,708333;
2011-11-18;1;915,454167;18,566667;23,3;20,166667;18,8;90,666667;79;8;2,770833;
2011-11-19;,4;916,091667;18,229167;24,7;20,483333;18,5;87,25;68;8,9;2,15;
2011-11-20;1,4;916,070833;17,804167;22,4;19,441667;17,8;90,5;77;8;2,7875;
2011-11-21;,2;916,883333;17,229167;25,2;19,858333;17,1;85,291667;60;10,5;2,370833;
2011-11-22;1,2;916,658333;16,141667;27,1;20,6875;15,2;77;48;11;2,995833;
2011-11-23;0;916,095833;17,166667;27;21,454167;17;77,75;54;11,8;2,8125;
2011-11-24;30,6;916,604167;18,866667;22,8;20,670833;19,3;89,666667;77;9,8;1,945833;
2011-11-25;7,8;915,733333;17,870833;25,8;20,429167;18,6;85,625;62;7,9;2,545833;
2011-11-26;2,4;915,766667;17,254167;26;20,345833;16,5;83,666667;59;8,5;2,329167;
2011-11-27;3,4;915,595833;17,483333;24,9;19,683333;17,4;87,458333;68;9,1;2,770833;
2011-11-28;2;915,520833;16,55;26;20,316667;17,5;80,291667;53;8,2;2,483333;
2011-11-29;0;915,1625;16,933333;24,6;19,483333;16,8;85,75;64;7,3;1,970833;
2011-11-30;1,2;914,545833;15,941667;26,9;20,7125;16,6;76;44;7,6;2,404167;
2011-12-01;0;915,675;16,570833;25,7;20,029167;17,1;81,375;56;8,9;2,533333;
2011-12-02;0;914,5375;17,883333;28,2;21,833333;17,5;79,375;55;8,3;2,2625;
2011-12-03;,4;914,470833;18,970833;26,7;21,725;19,5;84,958333;63;6,6;1,883333;
2011-12-04;4;915,420833;18,341667;27,8;21,016667;18,4;85,625;50;7,1;2,1;
2011-12-05;4;916,145833;17,0375;26,8;21,3625;16,8;78,041667;50;8,3;2,629167;
2011-12-06;0;915,891667;16,920833;27,1;20,883333;16;79,708333;50;8,1;2,433333;
2011-12-07;0;915,408333;17,2375;26,5;20,979167;17;80,291667;55;8;2,629167;
2011-12-08;0;915,3875;16,466667;28,8;21,245833;15,1;76,666667;37;8,5;2,329167;
2011-12-09;0;914,4625;16,629167;30,8;22,725;16,5;71,333333;34;8,4;2,591667;
2011-12-10;0;912,45;16,766667;32,4;23,55;17,6;69,25;33;11,6;3,3375;
2011-12-11;25;912,816667;18,4;26,5;21,079167;18,3;85,5;64;11,9;1,625;
2011-12-12;44,6;914,970833;17,508333;21,8;19,35;17,6;89,333333;78;9,9;2,583333;
2011-12-13;,2;914,745833;18,233333;28;20,854167;18,1;85,708333;55;9,5;2,654167;
2011-12-14;7;914,741667;17,7875;25,3;19,745833;17,4;88,791667;63;9,3;2,2125;
2011-12-15;6;914,758333;15,891667;26,8;20,558333;16;76,791667;46;11,5;2,6125;
2011-12-16;0;915,258333;17,195833;27,4;21,558333;17,3;77,625;53;10;2,804167;
2011-12-17;2,4;916,3;17,333333;27,1;21,125;17,8;80,125;52;9,9;2,916667;
2011-12-18;7,8;916,541667;16,108333;26,9;20,583333;16,3;77,083333;49;7,9;2,4;
2011-12-19;0;916,217391;15,278261;27,7;21,217391;14,8;71,608696;40;9,2;3,078261;
2011-12-20;0;917,0375;16,816667;27,5;20,720833;16,2;79,833333;48;7,1;1,895833;
2011-12-21;0;915,629167;16,241667;27,5;21,120833;16,3;75,916667;44;7,5;2,1375;
2011-12-22;0;915,695833;15,558333;26,5;20,570833;16,3;74,791667;41;8,5;2,783333;
2011-12-23;0;916,8125;17,383333;25;19,870833;15,9;86,041667;67;9,4;2,45;
2011-12-24;,8;917,758333;17,6;26,6;20,641667;17,6;83,708333;49;9,8;2,0375;
2011-12-25;1;917,45;16,766667;27,7;21,004167;15,5;78,458333;52;7,9;2,045833;
2011-12-26;0;917,4375;17,116667;27,8;21,570833;15,6;77,583333;50;8,2;2,25;
2011-12-27;,4;918,091667;17,558333;28,2;21,520833;17,2;80;47;6,9;2,104167;
2011-12-28;,4;917,229167;17,020833;29,7;21,633333;16,5;76,875;44;8,1;2,025;
2011-12-29;0;915,795833;18,25;30,2;22,9;18,1;77,208333;44;8,6;1,720833;
2011-12-30;15,4;917,070833;17,591667;25,5;21,195833;17,2;81;57;8,4;1,566667;
2011-12-31;0;915,541667;18,9875;28,9;21,925;18,7;84,416667;54;8,8;2,066667;
2012-01-01;,2;914,9;17,895833;27,7;22,183333;17,8;77,625;56;9,2;2,745833;
2012-01-02;0;913,916667;18,283333;27,6;22,575;19,4;77,833333;55;9,5;2,608333;
2012-01-03;0;915,654167;18,291667;24,9;21,154167;18,9;84,083333;67;7,8;1,970833;
2012-01-04;,6;916,682609;18,613043;24,7;20,965217;18,6;87;64;7,4;1,708696;
2012-01-05;7;916,991667;19,133333;25,2;21,091667;18,4;88,958333;67;7,5;1,6875;
2012-01-06;5,2;917;16,608333;27;20,945833;15,7;77,916667;52;9,5;2,383333;
2012-01-07;0;917,116667;17,316667;27,9;21,204167;16,6;80,25;48;7,3;1,983333;
2012-01-08;0;917,683333;18,125;27,4;22,141667;18,6;79,083333;52;9,4;2,258333;
2012-01-09;0;917,85;17,05;26,8;21,325;17,2;78;57;9,3;2,8875;
2012-01-10;,2;917,716667;17,3;27,1;21,991667;18,5;76,416667;51;10,1;3,070833;
2012-01-11;0;918,2875;16,933333;24,3;18,920833;15,8;88,416667;65;11,8;2,604167;
2012-01-12;1,4;918,55;16,904167;26,5;20,529167;15,9;81,125;51;10,1;2,383333;
2012-01-13;1,4;918,2125;17,0375;26,4;20,829167;16,7;80,208333;52;9,3;2,525;
2012-01-14;0;918,229167;17,2125;28,8;21,445833;16,2;78,958333;45;9,6;2,866667;
2012-01-15;0;917,966667;16,2875;30;22,504167;16,2;71,958333;32;9,4;2,4;
2012-01-16;0;917,525;15,5;28,5;21,620833;14,8;71,75;38;9,3;2,345833;
2012-01-17;0;916,145833;15,208333;29;21,295833;14,8;71,291667;34;10,2;2,3125;
2012-01-18;0;916,125;14,6375;28,6;21,408333;15;69,041667;35;11,9;2,404167;
2012-01-19;0;916,116667;15,866667;27,3;20,129167;13,9;78,208333;49;9,9;2,8625;
2012-01-20;0;917,083333;16,445833;28,1;21,233333;17,1;76,208333;47;10;2,616667;
2012-01-21;0;916,6625;16,3125;28,1;21,429167;16,9;74,666667;44;10;2,845833;
2012-01-22;0;916,0625;16,0625;28,6;21,020833;16,5;75,5;41;9,6;2,891667;
2012-01-23;0;916,225;16,725;27,6;20,354167;17,5;80,666667;50;10,4;2,8625;
2012-01-24;3;916,466667;16,2;26,2;19,945833;16,2;80,333333;55;11,4;2,4;
2012-01-25;,2;916,583333;14,670833;28,4;20,704167;13,3;72;37;9,8;2,65;
2012-01-26;0;915,504167;15,65;29,9;21,991667;15,2;70,625;37;8,6;2,216667;
2012-01-27;0;915,1875;16,1375;28,3;21,945833;16,9;71,916667;44;8,7;2,975;
2012-01-28;0;916,025;15,179167;29,6;22,0625;16,3;68,041667;39;9,6;2,95;
2012-01-29;0;915,3375;15,516667;29,1;21,6625;15,4;70,708333;37;8,9;2,516667;
2012-01-30;0;914,704167;15,941667;29,5;21,566667;16,3;72,458333;38;9,5;2,7875;
2012-01-31;0;915,158333;16,404167;28,5;21,654167;15,8;74,25;45;8,2;2,391667;
2012-02-01;,2;916,979167;17,629167;23,8;19,645833;18,2;88,208333;69;8,8;2,5625;
2012-02-02;6,2;917,669565;16,56087;26,3;19,873913;17,2;82,434783;54;13,4;3,013043;
2012-02-03;,4;917,895833;15,7125;26,7;19,970833;16,1;78,375;46;9,8;2,933333;
2012-02-04;0;918,033333;16,220833;25,6;19,825;17;80,583333;56;12;2,970833;
2012-02-05;,6;918,354167;17,0625;26,4;20,0875;16,9;83,791667;55;12,3;2,470833;
2012-02-06;1,2;917,858333;16,808333;28,7;21,670833;17,3;76,125;44;8,8;2,395833;
2012-02-07;0;915,841667;16,2;29,2;22,170833;15,8;71,458333;41;8,9;2,520833;
2012-02-08;0;914,158333;14,354167;30,5;22,508333;16,2;64,875;25;8,4;2,5875;
2012-02-09;0;914,354167;12,391667;29,7;22,008333;15,3;59,25;26;10,4;3,1;
2012-02-10;0;914,916667;15,625;30,3;22,3125;15;68,666667;34;8,3;2,525;
2012-02-11;0;915,933333;17,475;28,9;21,904167;18,1;77,333333;45;10,7;2,1125;
2012-02-12;2,8;915,666667;16,566667;30,4;22,329167;17,2;73,375;33;8,7;2,558333;
2012-02-13;0;916,283333;15,679167;29,7;21,4875;14,6;72,708333;39;9,6;2,425;
2012-02-14;0;918,029167;16,345833;28,4;21,4125;17;74,916667;45;12;2,791667;
2012-02-15;0;918,004167;17,7;24;19,883333;18,2;87,5;69;10,5;3,158333;
2012-02-16;1,4;917,258333;17,075;25,7;19,370833;16,8;87,25;58;10,9;2,8375;
2012-02-17;3,8;917,016667;17,025;26,9;19,466667;15,5;86,833333;57;8,8;1,995833;
2012-02-18;7,6;917,7375;16,508333;27,3;20,825;16,6;78,541667;47;10;2,754167;
2012-02-19;0;918,233333;16,291667;27,7;21,154167;16,4;75,958333;45;9,5;2,7875;
2012-02-20;0;917,204167;15,8875;28;21,091667;16,5;74,75;41;8,4;2,929167;
2012-02-21;0;917,370833;15,316667;28,7;21,5;15,1;71,125;39;9,8;2,5625;
2012-02-22;0;916,266667;15,270833;28,8;21,120833;15,2;72,791667;36;9,4;2,204167;
2012-02-23;0;915,25;15,920833;29,3;22,125;17;70,833333;39;9,4;2,783333;
2012-02-24;0;914,741667;14,4375;29,6;21,729167;14,5;68,083333;30;8,7;2,7875;
2012-02-25;0;914,716667;14,820833;28,4;20,875;14,8;71,083333;39;9,8;2,616667;
2012-02-26;0;915,6375;15,575;30,1;22,454167;16,7;68,625;37;8,7;2,391667;
2012-02-27;0;916,175;15,579167;30,4;22,816667;16,6;67,541667;34;9,3;2,275;
2012-02-28;0;916,558333;15,129167;30,2;22,975;17;65,916667;33;10,2;2,65;
2012-02-29;0;917,358333;14,995833;29,5;21,879167;14,9;69;36;9,2;2,4375;
2012-03-01;0;917,325;16,083333;29,7;22,370833;16,7;70,541667;36;8,6;2,6;
2012-03-02;0;916,7;14,808333;30;22,191667;15;67,208333;36;9,1;2,345833;
2012-03-03;0;916,991304;14;29,7;22,504348;15,1;63,521739;29;9,4;2,608696;
2012-03-04;0;917,2125;14,783333;29,5;21,708333;14,2;68,375;33;10,1;2,445833;
2012-03-05;0;917,291667;15,704167;30,3;22,304167;18,9;69,25;31;12,2;3,1;
2012-03-06;0;917,554167;14,883333;28,1;21,5625;16,6;68,791667;37;11,6;3,079167;
2012-03-07;0;917,579167;15,775;26,9;20,125;15,9;77,666667;47;11,1;3,020833;
2012-03-08;0;917,833333;16,429167;29,1;20,958333;16,5;77,333333;45;8,6;2,579167;
2012-03-09;0;917,3;17,008333;29,8;21,775;16,5;76,708333;44;11,7;2,520833;
2012-03-10;0;917,845833;17,8;29,1;21,8125;18,3;79,416667;48;10,2;2,741667;
2012-03-11;0;917,9625;16,779167;28,5;22,35;17,5;73,041667;43;9;2,933333;
2012-03-12;0;916,8125;16,683333;28,3;21,6;17,9;75,583333;45;8,7;2,5375;
2012-03-13;0;916,520833;15,920833;29,8;22,216667;16,1;71,041667;40;9,6;2,270833;
2012-03-14;0;916,708333;15,454167;30,9;22,9125;18;66,833333;34;9,2;2,275;
2012-03-15;0;916,7125;15,604167;30,5;22,291667;15,7;68,833333;37;8,9;2,4;
2012-03-16;0;916,1375;16,054167;32,8;23,466667;17;67,125;33;7,4;2,041667;
2012-03-17;0;915,65;19,066667;27,8;22,875;20,6;79,666667;56;7,5;2,0625;
2012-03-18;10,6;915,383333;18,625;23,1;20,5;18,7;89,041667;77;6,1;1,941667;
2012-03-19;2;915,733333;17,916667;26,3;20,933333;17,6;84,125;61;8,1;2,620833;
2012-03-20;0;915,608696;17,56087;28,9;22,186957;18,6;76,869565;44;8,3;1,952174;
2012-03-21;0;915,46087;16,93913;29;22,969565;19,1;71,173913;42;6,4;1,982609;
2012-03-22;0;914,758333;17,116667;29,7;22,554167;16,8;73,375;43;7,9;2,041667;
2012-03-23;0;914,504167;15,104167;31,6;23,008333;16;64,791667;32;9,6;2,7625;
2012-03-24;0;916,004167;15,820833;31,9;22,8875;17,2;68;33;10,7;2,595833;
2012-03-25;0;916,870833;11,595833;31,1;22,295833;13,7;56,833333;22;9,6;2,75;
2012-03-26;0;917,091667;14,970833;28,6;21,0125;14,4;72,375;35;11,6;2,866667;
2012-03-27;0;916,879167;15,091667;29,4;21,1875;14;72;34;11,7;2,870833;
2012-03-28;0;916,541667;15,841667;29,7;22,020833;16,2;71,291667;36;7,9;2,1;
2012-03-29;0;917,8875;15,908333;30;22,816667;17,3;67,708333;40;9,9;2,6125;
2012-03-30;0;919,616667;15,8625;29;21,683333;16;72,416667;41;9,5;2,7;
2012-03-31;0;918,958333;17,429167;30,3;22,420833;18,4;75,416667;44;8,5;2,604167;
2012-04-01;0;918,004167;16,758333;29,2;22,054167;17,3;74,041667;41;9;2,579167;
2012-04-02;0;917,741667;16,216667;28,7;21,816667;17,5;72,708333;42;10,8;3,058333;
2012-04-03;0;917,5625;16,708333;26,9;20,9625;16,9;77,666667;50;9,1;2,7625;
2012-04-04;0;917,45;15,783333;29,5;21,704167;16,3;72,291667;41;9,3;2,341667;
2012-04-05;0;916,4;15,320833;31,1;22,883333;15,4;67,083333;32;8,3;2,191667;
2012-04-06;0;915,391667;16,220833;31,2;23,0875;17;69,375;34;8,5;2,241667;
2012-04-07;0;915,183333;15,1375;31,6;22,670833;15,7;67,583333;29;9,4;2,495833;
2012-04-08;0;916,054167;16,041667;29,3;22,129167;16,5;71,25;36;8,9;2,633333;
2012-04-09;0;916,258333;16,079167;29;21,208333;15,6;74,583333;44;9,6;2,725;
2012-04-10;0;917,904167;16,891667;27,5;21,304167;18,6;77,291667;47;9,8;3,129167;
2012-04-11;0;919,1125;16,358333;26,6;20,2625;16,8;79,5;50;10,2;2,741667;
2012-04-12;,2;918,404167;15,533333;26;19,683333;16,1;78,875;47;9,2;2,5625;
2012-04-13;1;917,666667;14,416667;27,8;20,616667;14,1;72,208333;37;8;2,175;
2012-04-14;0;916,5625;14,929167;29,4;21,529167;13,8;69,583333;36;8;2,0625;
2012-04-15;0;915,820833;15,029167;31,4;22,541667;15,3;66,833333;30;8,7;2,116667;
2012-04-16;0;915,9125;16,5625;31,5;23,35;17;69,5;33;7,8;2,383333;
2012-04-17;0;917,979167;16,704167;28,9;22,566667;17,1;72,041667;40;10,8;2,545833;
2012-04-18;0;918,745833;16,2;26,4;21,075;15,9;75;51;11,4;3,333333;
2012-04-19;0;917,420833;15,6125;27,3;21,25;18,3;71,958333;46;10,8;3,3;
2012-04-20;0;916,425;14,775;28,2;20,808333;16,3;70,166667;42;7,6;2,516667;
2012-04-21;0;916,0125;15,304167;31;22,408333;15,5;67,875;34;8,5;2,570833;
2012-04-22;0;916,375;15,866667;32,2;23,720833;17,5;66,125;31;11,4;2,879167;
2012-04-23;0;916,0375;15,975;32,8;24,125;18,1;63,875;30;10,3;2,9375;
2012-04-24;0;916,3875;16,116667;30,8;23,316667;18,4;67,208333;30;9,8;2,379167;
2012-04-25;0;917,075;13,804167;30,3;22,4;15,8;62,25;32;9,5;2,6375;
2012-04-26;0;916,4125;13,3625;31,9;22,4125;15,4;63;20;9,1;2,533333;
2012-04-27;0;915,4625;13,416667;32,2;22,570833;15,5;62,416667;24;7,8;1,870833;
2012-04-28;0;915,595833;13,466667;30;22,6875;15,3;58,666667;33;11,3;2,779167;
2012-04-29;0;916,225;9,670833;31,2;20,6375;11,5;56,5;20;8,5;2,4625;
2012-04-30;0;916,595833;11,25;31,4;21,475;14,5;61,291667;14;8;2,1125;
2012-05-01;,2;916,2625;13,183333;30,9;21,708333;15,9;64,125;24;8,5;2,770833;
2012-05-02;0;918,208333;14,504167;27,1;20,833333;15,8;69,791667;41;9,9;2,758333;
2012-05-03;0;920,3875;16,004167;26,1;19,458333;17,1;81,75;47;11,3;3,404167;
2012-05-04;5,4;920,629167;15,670833;23,7;18,304167;15,3;85,5;59;10,2;3,241667;
2012-05-05;,6;919,4625;15,691667;23,3;18,6875;16,6;83,666667;58;7,9;2,375;
2012-05-06;0;918,7125;15,195833;25,3;19,795833;15,7;76,875;47;8,4;2,566667;
2012-05-07;,2;920,166667;16,170833;24,7;19,370833;17,1;82,791667;58;9,8;3,341667;
2012-05-08;1,8;920,7125;15,954167;20,6;17,1;15,5;93,25;79;8,8;3,066667;
2012-05-09;,8;918,783333;16,583333;20,9;17,579167;16,2;94,166667;80;8,3;2,854167;
2012-05-10;,8;917,725;16,504167;23,2;18,704167;16,5;87,666667;70;9,1;2,295833;
2012-05-11;0;917,379167;16,5875;28,6;20,645833;16,7;79,916667;44;8;1,566667;
2012-05-12;1,4;916,283333;15,020833;31,3;21,870833;15,5;70,083333;25;8,7;2,308333;
2012-05-13;0;915,1625;15,704167;32,6;22,2125;16,7;70,125;30;8,6;2,516667;
2012-05-14;0;916,6875;15,3625;28,5;21,366667;15,9;71,666667;35;9,2;1,979167;
2012-05-15;0;917,1625;15,733333;28,6;20,733333;14,8;75,958333;39;9;2,2;
2012-05-16;0;917,486957;16,886957;24,1;19,321739;16,5;86,434783;63;7,4;1,886957;
2012-05-17;11,8;918,133333;15,675;22,2;18,095833;16;86,458333;66;7,5;2,475;
2012-05-18;0;918,029167;14,633333;23,2;18,4875;15,5;79,208333;56;8,3;2,825;
2012-05-19;0;919,091667;14,945833;22,4;18,291667;16,2;81,583333;60;12;3,354167;
2012-05-20;,2;920,754167;15,3625;20,2;16,879167;16,1;90,916667;79;10,4;3,616667;
2012-05-21;,8;921,720833;15,158333;19,6;16,320833;14,4;93;81;9,3;2,983333;
2012-05-22;1,4;920,866667;15,641667;19,7;16,7625;15,5;93,25;81;9,4;2,8625;
2012-05-23;,8;920,833333;15,766667;19,5;16,845833;15,7;93,416667;80;8,6;2,6125;
2012-05-24;1,2;920,375;14,991667;25,3;18,875;14,9;80,416667;50;8,7;1,983333;
2012-05-25;0;919,516667;15,941667;26,3;19,6375;16,6;80,708333;50;7,3;1,970833;
2012-05-26;,2;918,625;16,629167;28,5;19,5125;14,1;84,875;40;8,4;1,691667;
2012-05-27;0;919,079167;16,704167;28,8;20,958333;17,4;78,75;43;7,9;2,129167;
2012-05-28;0;920,3875;16,333333;27,4;20,266667;14,8;79,958333;46;7,7;1,8875;
2012-05-29;0;919,895833;16,358333;27,1;19,925;14,2;81,666667;54;8,3;2,1375;
2012-05-30;,2;918,9125;16,616667;26,5;20,283333;16,1;81,166667;53;7,8;1,875;
2012-05-31;,2;919,283333;15,120833;28,5;20,275;13,5;75,541667;35;7,3;2,091667;
2012-06-01;0;920,079167;15,054167;26,8;19,995833;14,2;76,333333;36;8,3;2,25;
2012-06-02;0;919,645833;17,1875;25,7;20,55;17,7;81,833333;59;8,1;2,7;
2012-06-03;0;918,847826;17,108696;29,1;20,734783;17,6;81,565217;42;8,1;2,2;
2012-06-04;,2;918,883333;16,341667;28;21,1375;17,1;76,041667;46;8,1;2,4;
2012-06-05;0;919,775;15,1;28,5;20,554167;14,6;73,916667;35;8,5;2,183333;
2012-06-06;0;920,9125;15,825;24,8;19,083333;13,3;82,75;55;8,3;2,3;
2012-06-07;,2;919,775;14,654167;27,5;19,245833;13,9;77,375;42;7,9;2,416667;
2012-06-08;0;918,808333;15,35;26,9;19,858333;15;77,291667;48;8,5;2,45;
2012-06-09;0;919,158333;15,245833;25,6;19,6875;14,8;77,375;49;9,4;2,508333;
2012-06-10;,6;919,791667;15,608333;24,6;18,8125;16,6;82,5;55;10;3,0125;
2012-06-11;0;919,945833;15,6625;24,7;18,970833;15,5;82,208333;54;8;2,566667;
2012-06-12;0;919,629167;16,466667;25,5;19,245833;16,7;84,75;56;9,7;2,620833;
2012-06-13;,2;920,2625;15,4125;24,8;19,0375;16,5;80,791667;51;9,5;2,716667;
2012-06-14;0;920,258333;14,708333;24,9;18,9625;15;78,333333;47;9,5;2,829167;
2012-06-15;0;919,6;14,9125;24,6;19,291667;15,9;77,458333;50;8;2,5625;
2012-06-16;0;919,645833;15,125;25,7;19,016667;16;79,958333;47;8,2;2,141667;
2012-06-17;,2;919,233333;14,054167;26,3;19,291667;13,5;74,541667;43;7,1;1,85;
2012-06-18;,2;918,808333;14,208333;27,7;19,641667;14,2;74;37;7,4;1,720833;
2012-06-19;0;918,825;14,9375;29,4;20,608333;15,7;72,916667;32;10,3;2,729167;
2012-06-20;0;918,2;14,416667;29,6;21,175;15,8;69,458333;31;8;2,616667;
2012-06-21;0;918,0875;14,004167;28,8;20,641667;13,8;70,75;32;7,9;2,5125;
2012-06-22;0;918,433333;14,8625;29;20,7625;14,1;72,708333;32;8,3;2,266667;
2012-06-23;0;920,554167;15,541667;28,3;19,833333;15,7;78,916667;38;9,5;2,320833;
2012-06-24;,2;922,520833;16,504167;20,7;18,195833;17;90,083333;74;9,1;2,9375;
2012-06-25;2,4;921,454167;15,016667;24,1;18,004167;15,1;84,291667;51;9,6;2,616667;
2012-06-26;,6;921,866667;15,483333;22,4;17,320833;14,8;89,375;65;11,7;3,475;
2012-06-27;5;923,054167;15,3125;22,5;17,225;15,4;89,041667;60;10;3,091667;
2012-06-28;1,2;922,783333;15,533333;20,3;16,945833;14,2;91,5;79;8,6;2,633333;
2012-06-29;1;921,65;15,95;21,3;17,6625;15,7;90,166667;69;9,5;2,895833;
2012-06-30;6,8;921,025;15,129167;22,7;18,066667;16,4;84,291667;54;10,1;2,579167;
2012-07-01;,2;920,8875;13,2625;23,5;16,3125;11,1;84,208333;48;11,6;2,5625;
2012-07-02;2;921,183333;14,454167;22,6;16,0625;11,5;90,666667;62;9,8;2,154167;
2012-07-03;1,6;921,379167;13,604167;22,8;17,295833;14,8;80,833333;48;10,1;2,8;
2012-07-04;,2;920,391667;15,175;22;16,504167;12,5;92,208333;70;9,2;2,670833;
2012-07-05;2,4;919,845833;15,179167;19,7;16,629167;14,5;91,5;73;11;3,0875;
2012-07-06;1,4;919,5125;14,3625;23,2;17,3125;13,6;84,083333;56;11,3;2,808333;
2012-07-07;1,4;919,95;14,2625;23,7;17,620833;13,8;82,25;53;8,2;2,158333;
2012-07-08;0;919,5125;14,866667;25,7;18,641667;14,2;80,5;46;6,5;1,654167;
2012-07-09;0;920,3125;15,404167;21,1;16,870833;14,8;91,333333;69;11,8;2,916667;
2012-07-10;3,4;919,833333;13,5625;18,6;15,620833;13,6;87,791667;74;10,1;3,35;
2012-07-11;0;917,170833;13,495833;24,5;18,133333;12,3;76,75;44;7,9;2,045833;
2012-07-12;0;916,166667;14,966667;28,3;20,0875;15,3;75,5;34;11,7;2,745833;
2012-07-13;0;917,881818;15,127273;30,7;21,345455;16,3;72;28;8;3,104545;
2012-07-14;0;920,058333;15,229167;25,8;19,958333;14,4;75,875;50;9,4;2,6875;
2012-07-15;0;920,754167;15,604167;21,5;17,516667;13,8;89;67;11,4;2,258333;
2012-07-16;1,8;921,104167;14,116667;24;17,670833;14;81,333333;47;10,1;2,695833;
2012-07-17;0;921,729167;14,320833;23,6;18,354167;14,9;78,666667;51;10,4;3,154167;
2012-07-18;0;921,108333;14,304167;26,3;19,1625;15,5;75,791667;43;7,9;2,079167;
2012-07-19;0;919,9125;14,729167;26,8;19,3875;14,1;77,416667;46;8,1;2,158333;
2012-07-20;0;920,725;15,133333;23,7;18,679167;15,4;80,958333;58;9,4;2,754167;
2012-07-21;0;920,866667;14,675;25,3;19,15;13,9;76,916667;49;8,9;2,804167;
2012-07-22;0;922,108333;13,395833;25,8;18,3875;11,8;75,541667;44;7,7;2,0625;
2012-07-23;,2;922,3375;11,1375;24,8;17,6125;12,7;71;25;10,7;2,441667;
2012-07-24;0;921,791667;12,329167;24,3;16,9625;10,7;76,5;45;11;2,8875;
2012-07-25;,2;920,8625;11,5;25,8;17,65;11,4;71,791667;32;8,5;2,158333;
2012-07-26;0;920,75;10,291667;26,2;18,195833;10,7;63,458333;32;9,5;2,454167;
2012-07-27;0;921,416667;11,170833;27,7;18,570833;11,1;68,541667;19;8,4;2,254167;
2012-07-28;0;921,045833;12,758333;25;18,875;14,1;71;38;8,3;2,608333;
2012-07-29;,2;920,616667;12,2125;24;17,2375;10,8;75;44;10,5;2,3125;
2012-07-30;,2;922,058333;12,3875;23,2;17,066667;11,2;76,041667;48;9,3;2,616667;
2012-07-31;2,6;923,316667;14,166667;21,1;16,6;14,6;86,25;63;11,6;3,683333;
2012-08-01;3;922,754167;13,8375;21,9;16,983333;14;83,083333;51;11,9;3,5;
2012-08-02;2,8;922,058333;13,1625;23;16,633333;11,9;82;50;10,1;2,816667;
2012-08-03;,6;921,216667;14,25;20,9;16,925;14,2;84,625;67;10,5;3,025;
2012-08-04;1;921,779167;13,733333;23,3;17,075;14,2;81,916667;53;11,6;2,479167;
2012-08-05;0;919,7375;10,616667;26,9;18,095833;8,7;67,333333;29;6,9;1,55;
2012-08-06;0;919,0125;12,275;25,8;19,225;13,6;66,625;40;9,2;2,679167;
2012-08-07;0;921,6;13,525;21,4;17,366667;14,9;79,208333;57;9,6;3,408333;
2012-08-08;0;923,1125;11,933333;23,4;17,679167;14,2;71,416667;37;9,7;3,658333;
2012-08-09;0;922,133333;13,383333;22,4;17,170833;14,4;79,75;53;11,6;3,829167;
2012-08-10;,8;921,670833;14,0875;20,6;16,258333;14,1;87,333333;68;8,8;2,916667;
2012-08-11;1,8;922,075;12,7125;22,8;16,558333;13,4;79,958333;42;13,3;3,508333;
2012-08-12;0;922,741667;13,845833;23,4;17,091667;13,3;82,708333;52;11,9;3,458333;
2012-08-13;4;923,779167;13,595833;23,6;17,495833;14,5;79,375;52;13,2;3,279167;
2012-08-14;1,4;922,783333;13,491667;23,8;17,845833;14,3;77,458333;43;13;4,216667;
2012-08-15;0;922,866667;12,025;23,7;17,533333;13,3;72,916667;39;11,2;3,291667;
2012-08-16;0;922,995833;13,916667;22,1;15,766667;11,3;89,041667;69;10,3;2,791667;
2012-08-17;4,8;922,933333;13,820833;22,2;17,033333;14,3;82,208333;57;11,7;3,704167;
2012-08-18;,4;923,095833;13,745833;21,8;16,133333;14,6;86,25;63;11,7;4,154167;
2012-08-19;12,4;923,333333;14,433333;21,4;16,654167;14,1;87,458333;61;11,5;3,5125;
2012-08-20;11,2;923,875;13,570833;21,8;15,979167;13,6;86,583333;61;12,6;4,3125;
2012-08-21;1;924,108333;13,445833;22,8;16,75;12,6;82,291667;50;10,5;3,441667;
2012-08-22;2,8;923,520833;14,3125;18,9;15,908333;14,7;90,375;76;11,6;4,025;
2012-08-23;,8;923,3;13,770833;21,9;16,283333;12,9;85,583333;65;12,4;3,2875;
2012-08-24;2;922,4125;14,366667;20,9;16,666667;14;86,791667;66;12;3,825;
2012-08-25;2,6;921,9625;12,55;22,7;17,233333;13,6;75,583333;50;12,6;3,7;
2012-08-26;,2;922,4625;11,729167;24,1;16,783333;10,6;75,083333;43;10;2,775;
2012-08-27;0;922,525;12,254167;24,4;16,770833;10,6;77;49;9,4;2,633333;
2012-08-28;0;921,558333;13,625;26;18,833333;13,1;74,625;43;9,2;2,508333;
2012-08-29;0;919,652381;14,152381;28,1;null;13,7;77,952381;40;7,8;2,17619;
2012-08-30;null;919,7125;13,658333;27,5;19,458333;12;72,583333;34;8,2;2,370833;
2012-08-31;0;920,8625;14,95;25,7;19,504167;16,4;76,75;46;10,9;2,854167;
2012-09-01;0;921,065217;12,234783;25,2;18,391304;15,2;70,826087;34;8;2,53913;
2012-09-02;0;921,641667;11,241667;24,6;17,154167;9,8;70,541667;42;9,4;2,575;
2012-09-03;0;922,333333;12,520833;26,5;18,579167;12,8;71,416667;37;8,2;2,566667;
2012-09-04;,2;923,35;11,541667;24,7;18,279167;12,1;68,208333;37;14,7;3,6125;
2012-09-05;0;923,958333;14,3375;19;16,433333;14,8;87,541667;64;11,1;3,4625;
2012-09-06;,8;922,191667;13,35;24,5;17,95;14,4;76,833333;45;10,3;3,041667;
2012-09-07;0;922,5625;11,2625;26,1;18,258333;11,3;67,291667;34;9,4;2,875;
2012-09-08;0;923,658333;14,775;24,2;17,716667;13;83,791667;60;9,5;2,733333;
2012-09-09;,6;922,729167;16,675;25;19,3;16,5;85,625;60;8,2;2,679167;
2012-09-10;,2;920,466667;15,108333;28;20,633333;15,3;73,666667;42;9,5;2,983333;
2012-09-11;,2;918,725;13,95;31;21,6125;14,8;67,666667;25;9,3;2,858333;
2012-09-12;0;917,954167;12,904167;32,4;22,420833;15,4;63,541667;14;11,2;2,7625;
2012-09-13;0;918,091667;13,066667;32;23,025;15,2;59,833333;18;8,2;2,65;
2012-09-14;0;919,820833;13,666667;26,8;19,9875;13,7;69;42;9,8;2,958333;
2012-09-15;0;921,35;14,95;26,3;19,858333;16,3;75,375;43;11,8;3,3375;
2012-09-16;0;920,95;13,545833;26,5;20,491667;16,6;67,333333;36;10,2;2,966667;
2012-09-17;0;920,891667;13,558333;27,9;20,383333;14,8;68,083333;37;10,7;2,895833;
2012-09-18;0;919,541667;13,283333;30,2;21,0125;15,2;66,291667;25;11;3,570833;
2012-09-19;0;917,845833;13,683333;30,7;21,3875;14,9;66,166667;27;10,9;3,508333;
2012-09-20;0;915,504167;14,083333;32,5;23,629167;17,5;60,75;24;11,6;3,333333;
2012-09-21;0;916,804167;15,245833;28,3;21,4125;17,1;70,041667;42;9,2;2,820833;
2012-09-22;0;917,625;14,408333;29,5;21,375;15,6;68,083333;30;9,1;2,216667;
2012-09-23;0;919,8875;15,554167;26,4;20;16,6;77,5;48;11,4;3,5;
2012-09-24;2,4;920,704167;15,65;23,5;17,516667;15,1;89,25;62;10,1;3,216667;
2012-09-25;2,8;918,930435;15,173913;26,1;20,321739;16,7;75;46;12;3,278261;
2012-09-26;,2;917,783333;11,6875;31,4;21,479167;12,8;60,583333;24;10,1;2,379167;
2012-09-27;0;920,720833;14,366667;23,3;17,0375;16,1;84,666667;55;11,8;3,55;
2012-09-28;0;923,016667;11,758333;18,1;15,3125;13,1;79,625;71;11,9;4,554167;
2012-09-29;,2;923,054167;12,054167;20,7;15,766667;13,4;79,75;58;10,5;3,541667;
2012-09-30;0;921,345833;11,575;23;15,675;11,7;77,875;46;10,2;2,975;
2012-10-01;0;919,05;12,091667;25,9;18,166667;13,5;70,833333;35;9,4;2,895833;
2012-10-02;0;919,291667;11,954167;26,6;19,4125;14,4;65,625;34;9,3;2,891667;
2012-10-03;0;920,529167;13,7625;27,2;19,904167;13,8;70,625;42;10,7;3,120833;
2012-10-04;,2;920,345833;15,166667;26,5;19,9375;16,5;76,083333;43;10,6;3,1;
2012-10-05;,2;919,145833;12,95;26,8;20,2875;16,4;66,458333;31;11,1;3,2875;
2012-10-06;1,4;919,920833;15,120833;23,8;17,395833;15,2;87,083333;60;10,8;2,941667;
2012-10-07;4,6;920,5125;14,1125;25,5;18,175;13,3;79,125;47;10,6;2,9;
2012-10-08;0;920,433333;14,5125;24,7;18,554167;16;78,625;51;11,3;2,991667;
2012-10-09;0;918,95;14,141667;25,5;19,254167;15,3;73,958333;42;11,4;3,429167;
2012-10-10;,2;917,579167;15,6125;23,9;17,995833;16,2;86,583333;61;10;3,058333;
2012-10-11;32,8;917,495833;15,129167;27;19,308333;14,5;78,666667;44;8,6;2,4125;
2012-10-12;0;917,95;15,8375;29,1;21,65;16,5;72,75;39;9;3,1;
2012-10-13;0;918,095833;16,741667;26,9;20,683333;17;79,125;48;10,9;2,908333;
2012-10-14;,2;917,5;15,670833;24,8;19,35;15,8;80,375;55;9,1;3,0375;
2012-10-15;3,8;917,270833;16,433333;22,3;17,8875;16;91,416667;70;9,2;2,55;
2012-10-16;5,6;917,95;15,566667;25,1;19,204167;15,5;81;54;8,8;2,9;
2012-10-17;0;918,1;14,025;28,3;20,708333;15,6;68,625;36;9,9;3,116667;
2012-10-18;0;917,570833;16,066667;25,9;21,079167;17;74,958333;48;9,3;2,4375;
2012-10-19;0;917,3;16,445833;28,4;21,633333;17,3;74,625;45;9,6;2,575;
2012-10-20;0;917,970833;15,170833;26,9;20,908333;16,3;71,875;46;8,5;2,825;
2012-10-21;0;916,495833;14,508333;28,2;21,104167;15,3;68,875;41;9,8;2,566667;
2012-10-22;0;915,020833;14,4125;30,7;21,4;14,2;69,291667;28;9,3;2,75;
2012-10-23;0;915,066667;13,4125;31,9;22,508333;14,2;62,083333;25;10,1;2,841667;
2012-10-24;0;915,691667;14,825;32,3;23,141667;16,4;64,958333;22;12,9;2,770833;
2012-10-25;0;916,670833;14,425;29,1;21,675;15,6;66,916667;34;10,2;3,2125;
2012-10-26;0;917,8375;13,525;27,6;20,25;14,5;68,625;37;10,5;3,133333;
2012-10-27;0;918,1625;13,7875;26,7;20,4125;14,9;68,5;41;10,1;3,175;
2012-10-28;0;916,904167;13,3625;32,1;22,504167;15,5;61,5;19;9,8;2,629167;
2012-10-29;0;917,133333;14,079167;31,4;22,9875;17,8;62;28;10,6;3,1625;
2012-10-30;0;915,883333;14,716667;31,8;22,966667;15,4;63,833333;29;10,6;2,520833;
2012-10-31;0;913,4375;15,341667;34,8;25,054167;17,7;59,375;25;11,5;2,341667;
2012-11-01;0;912,158333;17,808333;32,7;23,195833;17,7;74,208333;34;13,1;1,675;
2012-11-02;3;914,854167;18,9125;23,3;21,016667;19,9;87,916667;76;7,3;1,420833;
2012-11-03;2,8;915,475;18,3;27,9;22,4875;19,3;78,75;52;7,1;1,691667;
2012-11-04;0;914,345833;18,175;27,4;22,533333;20,7;77,166667;53;11,6;2,55;
2012-11-05;8,4;913,791667;18,454167;28,8;22,345833;18,8;80,083333;51;12;1,620833;
2012-11-06;116,2;914,6125;18,658333;24,9;20,158333;18,4;91,5;68;9,3;1,4875;
2012-11-07;9,2;915,558333;18,941667;24,1;20,841667;18,7;89,166667;72;6,9;1,554167;
2012-11-08;11,2;915,1;17,633333;23,5;20,329167;18,7;85,083333;68;7,3;2,695833;
2012-11-09;0;915,379167;16,420833;24,4;19,633333;17,9;82,416667;60;9,3;2,675;
2012-11-10;,8;915,529167;17,0875;24,4;19,683333;16,6;85,5;65;9;2,179167;
2012-11-11;,2;916,358333;17,254167;23,2;19,291667;17;88,25;67;7,8;2,258333;
2012-11-12;7;916,408696;15,482609;26,8;21,217391;16,8;71,652174;43;8,8;2,747826;
2012-11-13;0;913,9625;16,770833;31,1;23,129167;17,6;70,208333;39;8,6;2,645833;
2012-11-14;,4;914,304167;18,625;22,7;20,3;19,2;90,208333;72;7,3;1,366667;
2012-11-15;58,6;914,566667;18,8875;24,8;20,758333;18,7;89,458333;68;10,1;1,858333;
2012-11-16;68;915,304167;18,929167;28,1;21,475;17,9;86,541667;54;10,1;1,833333;
2012-11-17;3,4;916,35;19,566667;26,2;21,258333;19,6;90,375;69;10,5;1,729167;
2012-11-18;26,8;918,420833;17,9125;22,7;19,5125;17,2;90,666667;78;9,1;2,770833;
2012-11-19;0;918,145833;17,604167;24,6;19,875;17,2;87,291667;68;7,8;2,675;
2012-11-20;,8;916,220833;18,016667;26,6;20,775;17,4;85,125;56;8,3;2,0875;
2012-11-21;0;915,579167;17,866667;25,6;20,7375;18;84,25;61;6,8;1,804167;
2012-11-22;2,2;915,754167;18,3375;27,8;21,4;17,9;84,25;56;17,8;1,725;
2012-11-23;25,2;915,579167;18,091667;27,8;21,85;16,5;80,583333;51;8,4;1,783333;
2012-11-24;0;914,7;18,275;30,7;23,020833;17,2;76,75;43;9;2,1;
2012-11-25;0;914,57;18,925;28,3;null;20,6;77,75;51;7,8;2,66;
2012-11-26;null;916,033333;18,1625;24,6;21,266667;19,2;83;63;8,1;2,129167;
2012-11-27;,6;915,395833;17,25;25,3;21,258333;18,2;79;55;9,6;2,4375;
2012-11-28;0;914,2625;17,191667;24,9;20,958333;18,5;79,666667;60;8,1;2,654167;
2012-11-29;0;914,616667;18,170833;27,5;21,775;17,5;80,75;56;6,9;2,0125;
2012-11-30;0;915,983333;17,441667;26,6;21,254167;18,2;80,041667;53;12,1;2,9375;
2012-12-01;0;916,908333;16,0875;27,4;21,2375;16,6;74,75;46;9,8;2,833333;
2012-12-02;0;916,158333;15,529167;27,2;21,395833;16;71,541667;39;10,9;2,533333;
2012-12-03;,6;916,3375;15,958333;27,8;21,258333;16,9;73,75;42;8,7;2,4875;
2012-12-04;0;917,429167;16,341667;26,8;21,254167;17,4;75,125;46;8,6;2,6875;
2012-12-05;0;916,7875;15,9875;28;21,629167;16,9;72,5;39;8,1;2,629167;
2012-12-06;0;915,466667;16,025;27,4;21,7875;16,7;71,791667;47;7,6;2,208333;
2012-12-07;0;915,541667;16,4;28;21,729167;17,3;73,458333;45;8,9;2,595833;
2012-12-08;0;916,108333;16,016667;29,5;21,579167;15,1;72,875;40;9,9;2,070833;
2012-12-09;0;915,329167;16,845833;30,7;23,1875;16,8;70,708333;34;9;2,054167;
2012-12-10;0;914,15;17,658333;31,1;23,616667;18,7;72,5;34;8,9;2,145833;
2012-12-11;0;913,783333;18,541667;29,7;22,466667;19,3;80,25;47;8,1;2,508333;
2012-12-12;1,8;913,3625;19,479167;28,8;22,995833;19,2;81,75;54;7,8;1,983333;
2012-12-13;1,4;914,095833;18,204167;29,5;22,833333;18,1;77,125;48;9,4;2,204167;
2012-12-14;0;914,308333;17,091667;30,2;22,891667;17,2;72,291667;42;9,9;3,020833;
2012-12-15;0;915,183333;16,379167;29,8;22,4;16,3;71,541667;42;7,6;2,55;
2012-12-16;0;914,95;14,7625;30,9;22,3625;15,7;66,583333;29;8,4;2,479167;
2012-12-17;0;914,8375;15,579167;31,2;23,291667;15,9;65,833333;29;8,1;2,2;
2012-12-18;0;914,029167;13,279167;32,9;24,445833;16,6;57,125;14;7,7;2,020833;
2012-12-19;0;914,141667;13,995833;31,5;23,466667;15,1;59,458333;28;8,3;2,283333;
2012-12-20;0;914,808333;16,241667;29,1;22,3375;16,2;71,125;45;10,5;2,679167;
2012-12-21;0;915,5625;16,154167;30,3;22,479167;16,9;70,541667;40;8,3;2,195833;
2012-12-22;0;915,333333;16,020833;30,4;22,741667;16,6;68,916667;39;7,8;2,266667;
2012-12-23;0;916,029167;16,183333;29,6;22,979167;17,5;68,583333;40;9,2;2,808333;
2012-12-24;0;916,670833;16,145833;29,4;22,370833;14,8;70,333333;39;9;2,858333;
2012-12-25;0;916,225;15,520833;30,1;22,754167;16,3;67,333333;32;8,1;2,6375;
2012-12-26;0;916,391667;13,870833;31;23,504167;16,9;60,041667;24;8,5;2,504167;
2012-12-27;0;915,0125;15,2;31,3;23,345833;17,5;64,541667;30;8,1;2,783333;
2012-12-28;0;915,004167;15,191667;31,9;23,570833;17;62,958333;31;9,6;3,1625;
2012-12-29;0;916,5625;15,820833;31;23,554167;17,9;64,875;29;10,7;3,195833;
2012-12-30;0;917,508333;15,041667;28,7;21,891667;14,8;68,5;37;9,8;2,854167;
2012-12-31;0;917,629167;15,35;29,1;21,2125;14,8;72,125;38;9,5;2,604167;
2013-01-01;0;917;16,9625;28;21,333333;17,2;77,5;51;9,1;2,225;
2013-01-02;0;916,129167;16,666667;30,1;22,354167;16,7;73;42;9,7;2,566667;
2013-01-03;0;917,6125;14,925;29,8;22,820833;16,4;65,375;32;9,4;2,741667;
2013-01-04;0;919,145833;14,879167;29,7;22,583333;16,5;65,666667;33;8,8;2,733333;
2013-01-05;0;918,708333;15,779167;29,6;22,620833;16,5;68,375;40;8,4;2,395833;
2013-01-06;0;916,8875;15,3375;31;23,325;16,9;64,75;34;9;2,304167;
2013-01-07;0;915,9875;15,595833;30;23,045833;16,4;65,833333;36;8,6;2,6625;
2013-01-08;0;916,795833;14,833333;30;22,5375;15,9;64,916667;36;9,5;3,145833;
2013-01-09;0;917,0125;15,891667;29,7;21,908333;15,2;71,166667;42;9,5;2,6875;
2013-01-10;0;915,729167;15,5375;30,3;22,679167;17,1;67,458333;35;10;2,795833;
2013-01-11;0;913,808333;15,429167;30,4;23,054167;17,6;65,333333;36;11,2;3,820833;
2013-01-12;0;915,458333;16,8125;29,5;22,758333;18,6;71,041667;38;10;3,233333;
2013-01-13;0;917,275;15,858333;29,5;22,866667;17,8;67,375;37;12,1;3,3875;
2013-01-14;0;916,4;16,645833;29,5;22,866667;18,8;70,75;39;11,5;3,275;
2013-01-15;0;914,733333;15,933333;30,3;22,491667;16,5;70,208333;33;8,4;2,620833;
2013-01-16;1,8;914,758333;18,004167;28,2;22,158333;19,4;78,791667;49;9,4;2,054167;
2013-01-17;5,6;915,741667;19,020833;29,6;21,775;19,4;85,75;46;8,9;1,85;
2013-01-18;38,8;915,020833;18,5625;29,7;23,158333;19,3;77,375;49;8;2,504167;
2013-01-19;,2;914,845833;18,695833;27,4;22,8625;20;78,25;57;10,9;2,383333;
2013-01-20;0;914,104167;17,8875;31,8;24,6875;20,2;68,708333;35;9,3;2,579167;
2013-01-21;6,2;915,379167;19,854167;27;22,154167;20,3;87,375;66;9,5;1,575;
2013-01-22;34,6;917;19,429167;25;21,095833;19,4;90,333333;74;8,7;2,329167;
2013-01-23;2,6;917,3625;18,125;24,8;20,9125;18,2;84,791667;67;10,3;2,775;
2013-01-24;10,8;916,591667;18,6;27,9;21,470833;18,6;84,833333;54;7,2;1,85;
2013-01-25;,4;915,883333;19,279167;28,3;22,908333;20,2;81,25;55;7,6;2,054167;
2013-01-26;0;916,108333;19,575;29,4;23,204167;19;81,291667;53;6,8;1,679167;
2013-01-27;,4;916,8625;19,85;27,1;23,1375;20,4;82,125;64;6,5;1,420833;
2013-01-28;0;917,308333;18,579167;30,1;24,004167;19,5;74,75;38;10,4;1,758333;
2013-01-29;0;917,2875;17,3625;30,4;23,175;18,7;72,125;38;8,1;2,370833;
2013-01-30;0;916,633333;17,133333;28,9;22,533333;17,5;73,916667;41;7,7;2,245833;
2013-01-31;0;915,6625;16,729167;29,6;22,254167;17;72,916667;41;8,7;2,004167;
2013-02-01;0;915,841667;17,329167;29,1;22,8375;17,8;72,958333;45;8,3;2,554167;
2013-02-02;0;917,429167;14,05;28,9;22,075;14,7;64,833333;30;9,6;2,883333;
2013-02-03;0;916,55;16,929167;29,8;22,2125;16,8;74,375;43;7,8;2,204167;
2013-02-04;0;914,879167;17,241667;30,4;22,75;17,5;72,916667;44;10,6;2,920833;
2013-02-05;0;915,308333;16,820833;29,7;22,9875;18,5;70,708333;41;9;2,658333;
2013-02-06;0;916,466667;15,9375;28,1;21,758333;16;71,958333;39;10;2,975;
2013-02-07;1,6;917,141667;17,866667;26,5;20,8625;17,7;83,458333;59;13,7;2,520833;
2013-02-08;2,4;917,645833;18,391667;25,7;20,658333;18,7;87,333333;64;9,6;2,116667;
2013-02-09;58,4;917,916667;17,1625;27,4;22,05;18;75,833333;46;9;2,85;
2013-02-10;0;917,579167;15,758333;27,4;21,066667;14,8;74,166667;42;13,6;2,683333;
2013-02-11;0;916,854167;15,8;27,1;20,658333;14,5;76,416667;42;9,4;2,116667;
2013-02-12;0;915,958333;16,325;28,5;21,545833;16,4;74,833333;41;8,3;2,545833;
2013-02-13;0;916,2875;16,029167;28,4;21,916667;15,5;72,166667;42;8,5;2,858333;
2013-02-14;0;916,829167;16,429167;28,3;21,691667;16,1;74,666667;41;8,1;2,483333;
2013-02-15;0;916,858333;16,933333;28,6;22,283333;17,9;74,041667;41;7,2;2,333333;
2013-02-16;0;915,725;16,366667;29;22,479167;17,5;71,25;36;7,4;2,6875;
2013-02-17;0;916,316667;16,695833;29,1;22,341667;16,4;73,083333;44;7,2;2,095833;
2013-02-18;0;916,921739;17,117391;29,3;22,273913;15,7;74,956522;43;8,2;2,5;
2013-02-19;0;917,033333;17,1875;27,9;21,733333;17,6;76,916667;46;8,8;2,841667;
2013-02-20;1;917,266667;16,904167;26,4;20,270833;16;82;57;11,1;2,55;
2013-02-21;,2;917,220833;16,9375;22,8;19,904167;16;83,583333;66;8,3;2,704167;
2013-02-22;,2;916,621739;18,473913;24,4;20,265217;18,3;89,652174;73;8,5;2,365217;
2013-02-23;0;916,516667;17,8875;26,2;21,683333;18,9;80,125;60;9,5;2,65;
2013-02-24;0;916,825;16,833333;27,8;21,7625;17,6;75,833333;45;9,7;2,8875;
2013-02-25;0;916,8625;17,941667;27,7;21,316667;18,3;82,083333;58;7,8;2,6125;
2013-02-26;,8;916,5125;18,75;26,5;21,804167;18,7;83,583333;63;7,9;2,566667;
2013-02-27;0;916,525;18,183333;30,9;22,9125;18,1;77;38;7,9;2,316667;
2013-02-28;0;916,258333;17,65;29,9;23,329167;18,6;73,166667;41;9,7;2,716667;
2013-03-01;0;916,225;16,541667;29,4;22,716667;17,1;71,833333;35;9,2;2,908333;
2013-03-02;0;917,583333;17,008333;29,1;22,216667;16,8;74,875;44;8,9;2,5125;
2013-03-03;0;918,7375;16,179167;28,3;21,65;15,7;73,708333;45;9,2;2,5125;
2013-03-04;0;918,091667;15,795833;29,8;22,316667;15,5;70,666667;36;8,1;2,7375;
2013-03-05;0;916,820833;16,0375;31,7;22,95;16;68,875;33;8,5;2,191667;
2013-03-06;0;916,833333;17,1;31,4;23,65;18,4;70,041667;34;9,3;3,066667;
2013-03-07;0;917,683333;15,704167;31,2;23,433333;18,1;66,458333;28;9;2,833333;
2013-03-08;0;918,591667;15,354167;29,3;22,466667;15,9;68,041667;33;9,6;2,466667;
2013-03-09;0;917,383333;15,4125;30,6;22,65;17;67,583333;34;9,1;2,629167;
2013-03-10;0;915,975;16,504167;33;23,804167;17,5;68,541667;29;9;2,529167;
2013-03-11;0;913,933333;18,058333;33,2;25,070833;19,4;68,333333;34;11,7;3,495833;
2013-03-12;0;913,933333;19,054167;33,8;25,470833;19,1;70,208333;36;8,2;2,454167;
2013-03-13;0;914,241667;18,104167;32,6;24,616667;18,7;69,791667;38;10,2;2,175;
2013-03-14;0;914,654167;18,475;30,6;23,616667;19,6;74,458333;46;9,5;2,8125;
2013-03-15;0;916,404167;15,808333;28,9;22;16,4;70,875;36;9,9;3,270833;
2013-03-16;,2;916,908333;16,808333;28,6;21,3875;17,2;76,916667;46;9,3;2,770833;
2013-03-17;0;916,5;17,183333;30;22,745833;18;73,5;45;8,5;1,9;
2013-03-18;0;915,325;17,795833;30,7;23,541667;17,9;72,75;39;9,1;2,358333;
2013-03-19;0;915,516667;18,095833;28,1;22,0875;18,7;79,041667;52;11,8;2,779167;
2013-03-20;1,8;916,05;17,216667;29,9;22,1625;17,5;76;38;9,7;2,841667;
2013-03-21;0;916,804167;17,554167;29,7;22,270833;19;76,208333;43;9,1;2,366667;
2013-03-22;,4;916,704167;17,25;29,9;22,883333;18,6;72,958333;42;7,4;2,245833;
2013-03-23;,2;915,716667;16,704167;29,5;23,225;19,3;69,666667;39;8,4;2,270833;
2013-03-24;0;914,4875;17,35;29,8;22,5;16,6;75,041667;43;9,1;2,479167;
2013-03-25;0;915,925;17,0125;30;22,916667;18,5;72,125;37;7,2;1,7875;
2013-03-26;0;916,973913;17,408696;30,7;23,426087;17,5;72,043478;38;9,1;1,830435;
2013-03-27;0;916,3;17,275;32,8;null;18,3;70,75;32;7,9;2,085;
2013-03-28;null;null;null;null;null;null;null;29;9,4;null;
2013-03-29;0;917,066667;18,704167;28,4;23,2;19,9;76,875;52;10,1;2,5125;
2013-03-30;0;919,304167;17,208333;28,4;22,433333;18,2;73,958333;46;9;3,025;
2013-03-31;,4;919,8875;18,729167;24,7;20,8875;19,2;87,625;71;10,1;2,645833;
2013-04-01;1,6;919,370833;16,916667;28,8;20,7;14,9;80,458333;47;8,7;2,254167;
2013-04-02;,6;918,383333;17,4625;26,9;21,8375;18,6;78,083333;47;10;2,670833;
2013-04-03;0;917,729167;15,933333;28,8;21,979167;17,1;71,541667;39;9;2,679167;
2013-04-04;0;917,1;13,920833;30,9;22,370833;16,1;64,875;25;8,5;2,379167;
2013-04-05;0;916,5375;15,904167;32,2;23,05;16,8;68,541667;28;7,8;2,533333;
2013-04-06;0;915,941667;17,3;33,3;25,141667;19,4;66,875;27;9,1;2,5625;
2013-04-07;23,8;916,495833;19,4125;30;22,875;19,1;82,291667;49;9;1,8375;
2013-04-08;25;916,3125;18,341667;28,2;22,145833;18,7;80,5;49;7,2;1,754167;
2013-04-09;0;916,1;19,604167;26;22,070833;20,4;86,25;69;6,5;2,029167;
2013-04-10;,4;916,6375;19,220833;25,2;21,729167;19,6;86,166667;69;8,2;2,716667;
2013-04-11;0;917,904167;18,2;27,1;21,983333;18,6;80,25;56;8,6;2,358333;
2013-04-12;0;917,875;17,833333;28;22,15;18,5;78;49;7,2;2,204167;
2013-04-13;0;916,095833;18,104167;28,9;23,058333;19;75,791667;49;5,9;1,5125;
2013-04-14;0;914,704167;18,479167;31,1;23,654167;19,1;75,583333;39;7,9;1,783333;
2013-04-15;3,4;916,766667;19,7375;23,8;21,295833;20;90,833333;77;7,5;2,283333;
2013-04-16;,6;915,633333;18,954167;28;22,1;19,5;83,541667;54;7,7;1,833333;
2013-04-17;0;915,641667;19,3;24,8;21,491667;20,4;87,875;60;5,7;1,479167;
2013-04-18;2,8;916,908333;18,091667;24;19,995833;18;89,166667;72;8,3;3,029167;
2013-04-19;,8;917,55;17,966667;21,4;18,9875;18,1;93,708333;85;8,4;2,841667;
2013-04-20;1;917,8375;16,1875;22,9;19,145833;17,2;83,5;67;9;2,775;
2013-04-21;0;918,2875;15,295833;22,2;18,729167;16,2;80,875;65;9,9;2,966667;
2013-04-22;0;919,445833;14,766667;23,5;18,529167;14,5;79,875;57;12,6;3,483333;
2013-04-23;1;920,2375;14,9125;21,6;17,691667;15,9;84,541667;62;10,8;3,383333;
2013-04-24;0;920,070833;15,141667;23,7;18,329167;14,4;82,5;61;10,1;3;
2013-04-25;0;920,320833;14,904167;23,1;18,766667;15,6;79,083333;59;10,8;3,045833;
2013-04-26;0;919,895833;14,641667;23,9;19,033333;15,3;76,541667;56;8,4;2,55;
2013-04-27;0;918,4125;15,833333;24,3;19,275;17;81,291667;57;8,4;2,395833;
2013-04-28;0;918,333333;15,558333;24,2;19,095833;15,6;81;56;9,1;2,633333;
2013-04-29;0;918,608333;15,45;23,9;18,8625;15,7;81,291667;62;7,8;2,695833;
2013-04-30;0;918,583333;15,875;25,2;19,745833;16,2;79,791667;54;6,5;1,745833;
2013-05-01;0;918,408333;15,808333;25,8;19,9;15,9;78,708333;55;6,5;1,766667;
2013-05-02;0;918,7125;16,379167;25,2;19,895833;16,4;81,583333;53;9,5;2,525;
2013-05-03;1;918,404167;17,4125;23,1;19,429167;17,2;88,541667;71;7,3;2,3625;
2013-05-04;0;917,554167;16,225;26,9;21,108333;15,6;75,416667;46;7,9;1,65;
2013-05-05;0;916,995833;15,679167;27,2;20,554167;16,1;75,75;44;6,4;1,708333;
2013-05-06;0;916,608333;15,079167;29,5;21,229167;15,1;72,416667;31;9,3;2,120833;
2013-05-07;0;918,1;16,579167;27,9;21,3125;16,9;75,875;48;7,6;2,291667;
2013-05-08;0;918,175;15,7;29,8;22,170833;15,9;69,333333;36;7;2,008333;
2013-05-09;0;920,55;17,291667;22,6;19,5625;18,4;86,916667;72;8,2;2,708333;
2013-05-10;,2;921,129167;16,308333;22,5;18,770833;17,3;85,916667;66;8,9;2,8625;
2013-05-11;0;920,966667;13,954167;23,7;18,583333;14,8;75,916667;52;9,9;3,2375;
2013-05-12;0;919,958333;15,945833;21,8;18,741667;15,9;84,25;69;10,4;3,383333;
2013-05-13;1,6;919,670833;17,629167;24,7;19,5875;17,6;88,916667;66;10,1;2,683333;
2013-05-14;3,2;919,691667;17,508333;24,2;19,366667;17,3;89,541667;64;8,8;2,070833;
2013-05-15;3,2;919,204348;16,817391;25;20,426087;17,6;81,391304;51;9,6;2,56087;
2013-05-16;,2;918,591667;17,041667;24,9;19,7125;16,2;85,333333;64;7,7;2,245833;
2013-05-17;,2;919,15;16,658333;25,3;20,120833;17;81,666667;53;8,7;2,654167;
2013-05-18;,2;920,125;15,995833;24,9;19,5125;15,9;81,5;54;9,5;2,625;
2013-05-19;0;920,8;16,070833;20;17,829167;15,8;89,708333;78;12;3,020833;
2013-05-20;,4;919,191667;15,041667;24,1;18,895833;15,5;79,375;60;9,3;2,483333;
2013-05-21;0;916,079167;14,0375;28,1;20,208333;13,4;71,166667;38;6,1;1,479167;
2013-05-22;0;915,866667;14,729167;28,8;21,3875;15,3;68,75;37;6,8;1,85;
2013-05-23;0;915,673913;15,013043;30,5;21,582609;15,3;70,434783;32;6,9;1,63913;
2013-05-24;0;916,458333;17,4125;26,3;20,770833;17,2;82;57;8,4;1,766667;
2013-05-25;,4;917,9;18,341667;27,1;20,783333;18,4;86,75;54;8,1;2,120833;
2013-05-26;2;920,2;16,883333;20,6;17,8625;17;94;87;8,7;2,65;
2013-05-27;,6;920,0625;15,516667;19,7;17,3125;16;89,25;77;7,1;2,4375;
2013-05-28;0;917,15;15,558333;27,9;19,995833;15,2;78,416667;45;6,4;1,541667;
2013-05-29;,2;916,470833;16,679167;29,4;21,483333;17,1;76,875;38;9,6;2,4875;
2013-05-30;0;917,108333;16,658333;29,8;22,4625;17,2;72,333333;38;6,5;1,829167;
2013-05-31;0;918,554167;16,479167;28,6;21,7;17,2;74,541667;34;9,8;2,2375;
2013-06-01;,2;919,729167;17,125;23,5;19,65;18;86;65;8;2,3125;
2013-06-02;1,2;919,066667;17,020833;23,6;19,654167;16,9;85,625;63;6,9;2,075;
2013-06-03;0;918,9;16,695833;25,1;20,166667;15,6;81,75;56;6,3;1,458333;
2013-06-04;,2;919,275;17,0375;26,4;20,370833;17,2;82,833333;54;11;2,129167;
2013-06-05;,4;920,133333;17,041667;22,1;18,554167;16,8;91,166667;74;9,2;2,658333;
2013-06-06;2;920,420833;17,116667;24,6;19,520833;16,8;86,833333;58;8,3;2,4125;
2013-06-07;,2;920,633333;17,370833;24,1;19,379167;16,3;88,833333;65;7,7;1,804167;
2013-06-08;1,2;921,366667;16,741667;24,2;19,341667;16,3;85,75;57;9,6;2,475;
2013-06-09;5,6;920,8375;17,104167;23,3;18,625;17;91,125;68;9,9;3,166667;
2013-06-10;9,4;921,220833;15,875;19,9;16,741667;16,2;94,625;78;8,4;2,779167;
2013-06-11;3,6;921,6375;14,920833;23,1;17,833333;15,2;84,458333;54;8,3;2,291667;
2013-06-12;0;921,370833;16,691667;23;18,304167;15,1;90,5;70;9,2;2,570833;
2013-06-13;2,4;920,154167;15,3625;24,1;18,895833;15,4;81,541667;54;7,6;2,216667;
2013-06-14;0;918,645833;15,670833;23,7;18,9375;16,9;82,333333;55;7,3;2,020833;
2013-06-15;0;918,566667;15,654167;25;19,220833;16,2;80,833333;53;8,4;2,191667;
2013-06-16;0;919,716667;15,25;23,6;18,691667;15,9;81,291667;56;8,6;2,558333;
2013-06-17;0;920,041667;15,2375;24,8;18,770833;15;81,5;55;11,2;1,6875;
2013-06-18;0;919,008333;16,45;24,6;19,179167;15,5;84,958333;60;7,5;1,858333;
2013-06-19;,2;919,166667;17,35;20,9;18,683333;17,3;91,916667;83;7;2,341667;
2013-06-20;2,6;919,120833;16,858333;24,3;19,391667;17,5;86,083333;59;8,5;2,329167;
2013-06-21;0;918,45;16,158333;23,9;19,191667;15,3;83,5;62;8,7;2,483333;
2013-06-22;0;918,6375;16,420833;27,7;20,691667;16,1;78,833333;46;9,3;1,958333;
2013-06-23;0;919,379167;15,3125;26,9;20,3875;14,9;75,25;44;11;2,329167;
2013-06-24;3,4;920,258333;16,733333;19,4;17,758333;17;93,666667;83;13;3,616667;
2013-06-25;3;920,590909;15,559091;20,3;16,745455;15,1;92,863636;79;10;3,036364;
2013-06-26;1;920,295833;16,195833;23,3;18,208333;16;88,875;65;7,2;2,3375;
2013-06-27;1;920,591667;15,1125;24,2;18,995833;16,5;80;45;8,9;2,25;
2013-06-28;0;918,579167;14,55;24,4;18,620833;15,1;78,833333;46;7,3;2,1625;
2013-06-29;,2;917,443478;13,886957;27,5;19,534783;13,9;73,434783;34;6,5;1,869565;
2013-06-30;0;917,829167;12,883333;26,5;18,529167;11,7;74,375;32;8,4;1,916667;
2013-07-01;,2;918,979167;14,341667;22,5;16,733333;11,3;86,75;62;7,1;1,975;
2013-07-02;,2;919,2625;15,458333;25,7;19,8875;16,2;77,291667;44;8,5;1,7125;
2013-07-03;0;921,666667;14,775;23,2;18,554167;16,1;79,541667;56;11,2;3,270833;
2013-07-04;1,2;922,845833;15,629167;19,2;16,675;15,6;93,583333;83;9,8;3,116667;
2013-07-05;6,4;922,395833;14,666667;20,6;17,0125;14,9;86,791667;66;12,2;3,2625;
2013-07-06;1,8;920,65;14,595833;21,7;16,845833;13,2;87,625;61;8,8;2,354167;
2013-07-07;,2;920,308333;15,05;22,2;17,675;14,3;85,666667;62;7,8;1,8375;
2013-07-08;,4;920,8875;14,875;23,2;17,866667;13,9;83,875;55;8,1;2,1;
2013-07-09;,2;922,3625;13,791667;23,2;18,004167;14,6;78,541667;51;11,3;2,954167;
2013-07-10;,2;922,5875;14,4875;20,5;16,4;14,7;88,875;66;9,6;2,945833;
2013-07-11;3,4;921,558333;14,045833;17,6;15,095833;13,7;93,416667;85;10,7;3,066667;
2013-07-12;1,4;921,604167;14,733333;19,9;16,058333;13,9;91,916667;78;9,3;2,6375;
2013-07-13;1;921,433333;15,0375;23,5;17,6375;14,4;85,791667;57;9,7;2,404167;
2013-07-14;,2;921,15;14,575;22,3;16,775;12,6;87,833333;64;8,2;2,008333;
2013-07-15;0;919,4625;15,995833;26,7;18,9625;14,6;84,666667;45;6,1;1,5625;
2013-07-16;,2;919,145833;15,195833;27,1;20,016667;15,4;76,958333;42;8,4;2,483333;
2013-07-17;0;920,758333;15,195833;25;19,516667;16,7;77,875;42;8,2;2,8;
2013-07-18;0;920,2;14,8625;23,1;18,216667;15,1;81,708333;60;7,1;2,025;
2013-07-19;,2;919,4375;13,933333;26,7;19,0875;13,3;76,083333;34;9,3;1,854167;
2013-07-20;,2;918,4375;14,570833;27,4;19,829167;14,6;76,166667;31;7,3;2,5625;
2013-07-21;0;918,770833;16,170833;27;20,404167;16,9;78,5;49;7,8;2,425;
2013-07-22;0;918,904167;14,4125;26,1;19,1125;13,9;76,333333;48;8;2,529167;
2013-07-23;0;917,766667;15,0875;27,6;19,820833;14,5;77,25;37;8,5;1,95;
2013-07-24;0;919,720833;15,229167;25,3;18,95;14,6;80,791667;52;9;2,404167;
2013-07-25;,2;921,691667;13,358333;26,5;18,045833;10,6;77,208333;34;8,7;2,05;
2013-07-26;0;922,854167;15,454167;25,9;19,2625;15,7;80,291667;54;8,4;2,1875;
2013-07-27;0;922,3375;14,658333;24,4;18,8125;15,2;77,958333;51;10,2;3,220833;
2013-07-28;0;921,279167;14,9875;24,1;18,695833;15,5;80,125;55;9,1;2,616667;
2013-07-29;0;921,9;13,75;25,1;18,929167;15,8;74,041667;42;8,7;2,379167;
2013-07-30;0;922,679167;13,575;24,2;18,320833;15,3;75,458333;48;9,5;2,708333;
2013-07-31;0;922,620833;12,329167;23,1;17,358333;14,3;73,875;46;10,1;3,025;
2013-08-01;0;922,225;11,4;23,2;16,954167;11,8;72,541667;39;9,6;2,741667;
2013-08-02;0;921,3;9,325;23,5;15,916667;8,9;69,458333;36;9,5;2,0875;
2013-08-03;0;920,929167;14,008333;22,3;17,125;11;82,875;60;9;2,0875;
2013-08-04;1;920,804167;14,9625;24,5;17,779167;12,1;84,708333;57;7,1;1,841667;
2013-08-05;,2;920,833333;14,758333;25,8;19,354167;12,6;77,375;47;9,7;2,470833;
2013-08-06;,2;921,025;15,016667;22,2;17,858333;15,8;83,916667;65;9,3;3,15;
2013-08-07;0;919,545833;12,55;24,6;18,258333;13,7;72,25;36;10,2;2,95;
2013-08-08;,8;918,9;13,670833;23,7;17,6625;13;79,291667;47;11,1;2,7;
2013-08-09;,8;919,533333;15,529167;22,1;17,304167;15,3;89,791667;69;9,3;2,6;
2013-08-10;2,4;919,220833;13,608333;25,5;18,7625;14,9;74,958333;39;8,4;2,383333;
2013-08-11;0;918,275;14,008333;24,4;19,195833;16;74,041667;45;6,3;1,870833;
2013-08-12;0;918,483333;11,6875;25,9;19,516667;13;64,541667;30;8,9;2,433333;
2013-08-13;0;919,782609;15,1;21,6;17,63913;15,5;85,217391;70;7,8;2,134783;
2013-08-14;1,4;919,4875;13,770833;27,3;19,516667;14,3;72,166667;40;6,8;2,158333;
2013-08-15;0;918,116667;13,083333;26,7;19,633333;14,1;70,208333;27;9,6;2,75;
2013-08-16;0;920,920833;14,325;22,3;17,666667;15,4;81,166667;59;11,1;3,6375;
2013-08-17;,8;921,095833;15,391667;21,4;17,583333;15,9;87,416667;64;10,3;3;
2013-08-18;1,2;921,216667;13,541667;22,7;17,883333;15,5;77,208333;50;11,6;3,354167;
2013-08-19;,4;921,25;13,995833;21,7;16,725;14,1;84,583333;62;10,3;3,595833;
2013-08-20;3,4;921,025;15,008333;20,1;16,154167;15,1;93,125;79;12,9;3,545833;
2013-08-21;1,2;920,916667;15,1375;23,5;17,366667;14,4;87,541667;60;8,6;2,85;
2013-08-22;,6;920,266667;15,354167;23,9;18,091667;14,7;85,166667;58;11,8;2,908333;
2013-08-23;0;919,983333;13,608333;25,3;18,745833;14,8;74,833333;38;9,4;2,7625;
2013-08-24;0;920,526087;14,382609;23,5;17,33913;14,4;83,608696;60;10,9;2,556522;
2013-08-25;2,2;920,1625;15,116667;24,7;18,108333;14,6;84,208333;46;9,7;2,191667;
2013-08-26;1;918,258333;13,808333;28,5;19,508333;12,5;73,541667;36;8,5;2,345833;
2013-08-27;0;917,783333;13,829167;31,8;21,1125;13;69,041667;24;7,6;2,275;
2013-08-28;0;919,354167;15,691667;29;21,325;16,9;72,166667;33;10,1;3,108333;
2013-08-29;,6;923,2125;15,879167;21,1;17,470833;15,9;90,666667;73;11;3,875;
2013-08-30;,8;923,054167;14,3;19,3;16,658333;15,1;86,25;71;11,1;3,416667;
2013-08-31;0;921,858333;12,783333;21,7;16,883333;13,7;77,791667;58;9,5;2,904167;
2013-09-01;,2;920,058333;15,425;23,9;17,995833;14,1;85,708333;60;9,7;2,570833;
2013-09-02;,8;918,6875;15,058333;23,6;18,341667;15,6;82,083333;62;8,5;2,770833;
2013-09-03;0;918,141667;13,025;27,4;19,116667;12,9;71,625;33;10,4;2,5;
2013-09-04;0;919,2375;14,358333;27,6;19,875;14,5;73,5;41;9,3;2,375;
2013-09-05;0;921,225;15,554167;23,6;19,145833;16,7;80,625;52;10,5;3,304167;
2013-09-06;1,4;921,45;15,566667;21,2;17,145833;15,5;90,625;70;12,9;4,0625;
2013-09-07;2,6;921,041667;14,695833;20,9;17,1;14,9;86,541667;65;10,2;3,745833;
2013-09-08;,6;922,158333;15,05;22,8;17,179167;14,7;87,875;63;10,3;3,354167;
2013-09-09;,4;922,266667;14,0875;24,6;18,475;14,9;77,625;47;11,1;3,445833;
2013-09-10;0;922,170833;14,966667;25,2;18,108333;15,3;83,375;53;11;2,954167;
2013-09-11;8,6;920,886957;13,491304;23,1;17,43913;14,3;79,130435;51;12,1;3,773913;
2013-09-12;3,8;919,520833;13,629167;23,7;17,716667;14,5;79,333333;43;11,7;3,5;
2013-09-13;,2;920,186957;14,76087;23,4;17,130435;14,4;86,565217;54;11,4;3,030435;
2013-09-14;,6;920,491667;15,245833;26,1;19,2625;15;79,541667;44;8,9;2,691667;
2013-09-15;0;920,0625;16,325;25,7;19,841667;16,9;81,125;56;8,8;2,570833;
2013-09-16;,2;917,7;15,791667;27;20,283333;15,9;77,208333;49;8,6;2,7625;
2013-09-17;0;917,104167;15,645833;28,9;20,629167;15,5;75,791667;40;9,7;2,679167;
2013-09-18;0;919,404167;15,441667;28,2;21,116667;16,6;72,833333;42;8,4;3,25;
2013-09-19;,4;921,333333;16,791667;25;19,7625;17,8;83,541667;60;11,7;3,454167;
2013-09-20;0;920,116667;15,283333;25,3;19,35;15,2;79,125;49;10,5;3,183333;
2013-09-21;,4;918,9625;15,029167;29,3;20,454167;15,7;74,583333;31;9,5;2,641667;
2013-09-22;0;919,045833;14,254167;31,3;21,7125;14,9;67,541667;24;10,6;3,729167;
2013-09-23;0;918,554167;14,420833;33;23,8125;17,6;62,875;18;10,2;3,520833;
2013-09-24;0;916,866667;13,383333;32,6;23,454167;15,8;58,875;16;9,7;3,220833;
2013-09-25;0;915,204167;13,016667;33,5;22,754167;16;60,833333;18;11,5;3,166667;
2013-09-26;0;917,466667;16,183333;27,7;21,275;17,6;74,25;47;9,6;2,841667;
2013-09-27;0;919,141667;16,4625;24,6;19,875;17,2;81,666667;55;9,8;3,358333;
2013-09-28;,4;919,5125;16,475;26,8;19,875;16,8;82,083333;52;9,8;2,883333;
2013-09-29;0;918,195833;15,75;26,5;19,858333;16,2;78,75;51;10;2,675;
2013-09-30;0;917,9375;15,416667;26,6;20,479167;17;74,291667;50;10,1;2,929167;
2013-10-01;0;917,620833;13,158333;30,2;21,066667;14,3;65,041667;28;10,6;2,658333;
2013-10-02;0;917,125;14;31,3;22,191667;15,2;63,75;29;9,2;2,9375;
2013-10-03;0;918,254167;14,6;31,4;22,625;17;65,083333;29;10,5;3,2;
2013-10-04;0;917,370833;14,025;31,6;22,8375;16,8;63,625;22;9,2;2,8;
2013-10-05;0;915,270833;14,354167;33;24,495833;16,7;59,375;25;10,1;3;
2013-10-06;0;916,9375;16,733333;27,7;21,791667;17;74,416667;50;10,3;3,054167;
2013-10-07;8;919,958333;17,304167;23,4;19,441667;17,5;87,916667;67;9,8;3,466667;
2013-10-08;,2;921,6875;15,308333;19,5;16,545833;15,3;92,541667;78;8,9;3,479167;
2013-10-09;,4;921,316667;13,995833;17,9;15,133333;13,1;93,125;80;9,5;3,654167;
2013-10-10;1,4;920,829167;13,295833;23,4;16,904167;14;81,208333;49;11,9;3,908333;
2013-10-11;0;920,779167;13,908333;22,2;17,345833;14,7;81,041667;59;10,4;3,816667;
2013-10-12;0;920,770833;12,591667;24,4;18,025;14,2;71,958333;47;11;4,058333;
2013-10-13;0;920,495833;13,441667;25,3;18,554167;15,3;73,875;47;9,7;3,241667;
2013-10-14;0;919,35;13,908333;26;19,183333;13;73,416667;47;9,3;2,633333;
2013-10-15;0;918,658333;15,416667;27,5;20,6;16,4;74;45;9,9;2,858333;
2013-10-16;0;918,075;15,433333;28,7;21,229167;16;71,708333;43;11,2;3,404167;
2013-10-17;0;916,958333;16,595833;31,8;21,616667;18;75,208333;40;12,4;3,354545;
2013-10-18;0;916,316667;15,4;27,4;19,991667;17,1;75,708333;45;10,1;2,304167;
2013-10-19;1,8;915,758333;17,233333;26,6;20,904167;18,2;80,333333;54;10,3;2,004167;
2013-10-20;8,4;917,845833;17,958333;23,3;19,883333;18;89,125;66;6,6;1,7875;
2013-10-21;6,6;918,354167;17,183333;26,7;20,475;17,2;82,333333;58;10,3;2,708333;
2013-10-22;0;917,333333;15,295833;27,6;21,333333;17,2;71,166667;41;9,5;3,041667;
2013-10-23;0;918,320833;15,2625;27,4;20,441667;15,6;74,208333;41;11;3,633333;
2013-10-24;0;919,570833;14,404167;27,1;20,204167;14,3;72,625;35;9,9;3,1375;
2013-10-25;0;918,8625;13,529167;28,4;20,8;12,4;67,625;34;9,6;2,6375;
2013-10-26;0;918,295833;13,7625;26,5;20,541667;14,6;68,375;36;12,1;3,120833;
2013-10-27;0;916,058333;14,0125;29,8;21,066667;12,3;68,208333;34;9,8;2,620833;
2013-10-28;0;914,375;14,75;32,9;23,783333;17;62,208333;23;11,8;3,158333;
2013-10-29;0;917,0125;17,666667;23,7;20,291667;18,6;85,125;69;9;3,070833;
2013-10-30;1;916,945833;17,6;24,7;19,7875;17,2;87,791667;66;8,5;2,8;
2013-10-31;,4;916,116667;15,941667;29,1;22,2125;18,2;71;37;8,6;2,675;
2013-11-01;1;917,108333;17,391667;27,8;21,116667;18,6;81,208333;39;11,1;3,016667;
2013-11-02;1;917,883333;16,845833;24,4;18,929167;16,4;88,166667;66;11,7;3,654167;
2013-11-03;2,2;916,941667;13,5625;25,2;18,783333;14,7;74,125;43;11,1;3,8;
2013-11-04;0;914,741667;12,779167;29,7;20,191667;13,1;67,416667;25;10,2;2,791667;
2013-11-05;0;915,726087;14,969565;28,3;21,273913;16;70,086957;33;12,2;3,126087;
2013-11-06;0;917,779167;16,3375;29,2;22,370833;17,4;70,708333;40;11,8;2,933333;
2013-11-07;0;918,416667;16,2;28,5;22,125;17,7;71,083333;45;9,4;2,633333;
2013-11-08;0;916,0875;16,304167;30,8;22,883333;16,7;69,375;33;9,5;2,35;
2013-11-09;0;914,775;16,6625;30,7;23,354167;18,5;68,666667;36;8,8;2,279167;
2013-11-10;0;914,75;17,483333;29;22,733333;19;73,791667;49;8,1;2,1375;
2013-11-11;0;915,133333;15,895833;30,5;23,029167;18,3;67,708333;36;8,4;3,041667;
2013-11-12;0;915,116667;15,8875;30,9;23,016667;16,7;66,833333;35;9,7;2,8625;
2013-11-13;0;915,345833;16,820833;32,3;23,4375;17;69,791667;34;11,2;2,933333;
2013-11-14;0;917,429167;15,358333;28,8;22,1375;16,4;68,125;37;11,8;3,404167;
2013-11-15;0;918,220833;15,125;27,3;20,733333;16,2;72;43;12,7;3,6125;
2013-11-16;0;917,229167;15,391667;28,1;20,529167;16,1;74,333333;39;11,2;2,995833;
2013-11-17;0;916,033333;15,320833;28,8;21,554167;15;70,375;43;10,5;3,0875;
2013-11-18;0;916,495833;13,729167;29,5;21,616667;16,3;64,958333;30;10,8;3,466667;
2013-11-19;0;917,841667;15,933333;28,4;21,470833;17,5;72,625;43;11,4;3,708333;
2013-11-20;,2;918,3625;14,2125;28,2;21,3375;16,4;67,208333;31;11,2;3,4375;
2013-11-21;0;916,783333;13,25;28,6;20,304167;14,4;67,833333;29;11,4;2,591667;
2013-11-22;,2;912,545833;12,695833;31,8;22,533333;14,7;60,625;23;8,5;2,241667;
2013-11-23;0;913;15,9125;31,7;22,758333;15,9;68,75;32;9;2,4125;
2013-11-24;2,4;915,716667;16,441667;29,1;22,608333;17,5;70,666667;41;8,3;2,1875;
2013-11-25;0;916,204167;16,795833;28,4;22,7125;17,9;71,541667;44;9,6;2,775;
2013-11-26;0;913,470833;17,2;26,7;21,8;18,9;76,5;49;9,4;2,725;
2013-11-27;10,4;911,6625;18,125;23,5;20,029167;18;89,166667;73;8,6;2,620833;
2013-11-28;8,2;913,375;18,4125;24,8;20,3375;19;89,125;68;9,2;2,116667;
2013-11-29;6;915,708333;17,958333;27,2;20,954167;17,4;84,208333;52;9,7;2,170833;
2013-11-30;1;917,2;15,858333;28,8;22,733333;17,6;68,291667;34;11,8;3,116667;
2013-12-01;0;916,9625;15,4875;29,4;22,25;16,9;69,333333;36;9,5;2,691667;
2013-12-02;0;916,316667;15,383333;29,7;22,125;16;69,5;31;8,8;1,941667;
2013-12-03;0;916,008333;15,729167;33,3;24,308333;17,1;63,833333;25;11;2,9625;
2013-12-04;0;915,354167;17,704167;34,3;24,9125;20,7;67,208333;27;9,9;3,1375;
2013-12-05;3,4;914,708333;19,041667;30,3;22,570833;19,5;81,5;45;8,4;2,283333;
2013-12-06;11,6;914,308333;18,008333;28,9;22,8875;18,5;75,416667;51;7,8;2,104167;
2013-12-07;0;915,4625;18,770833;29,7;22,025;18,5;83,291667;48;11,6;2,5625;
2013-12-08;25,4;916,616667;18,666667;27,2;21,845833;19;83,041667;51;7,9;2,5375;
2013-12-09;5,2;917,079167;17,654167;28,5;22,775;19;74,75;47;8,4;2,441667;
2013-12-10;0;916,379167;17,316667;29,8;22,8;18;73,375;43;7,7;2,183333;
2013-12-11;0;914,266667;16,779167;31,6;24,104167;18,4;66,583333;37;10,5;2,6;
2013-12-12;0;913,695833;17,758333;30,1;22,995833;19,9;74,083333;44;12,9;2,525;
2013-12-13;22,6;914,604167;18,841667;27,1;21,925;18,9;83,375;56;7,4;1,933333;
2013-12-14;1;915,066667;19,095833;29;22,454167;19,7;82,458333;51;7,2;1,695833;
2013-12-15;,2;914,316667;18,870833;29;22,520833;20,3;81,041667;52;10,1;2,8;
2013-12-16;1,4;913,2;18,825;23,5;21,229167;19,3;86,458333;74;7,5;2,1375;
2013-12-17;1,6;912,270833;18,8;22,5;20,225;18,9;91,541667;81;9,5;2,1625;
2013-12-18;16;911,791667;18,829167;23,8;20,441667;19,3;90,666667;78;8,8;2,783333;
2013-12-19;4,6;911,570833;18,925;26,6;21,108333;19,3;87,75;65;8,2;2,2625;
2013-12-20;15,8;911,716667;19,208333;23,9;20,904167;19,2;90,166667;79;7,2;2,333333;
2013-12-21;14;912,283333;19,066667;23,1;20,483333;19,2;91,583333;80;8,6;2,425;
2013-12-22;49;913,25;18,1875;21,5;19,429167;18,6;92,625;83;14,1;4,05;
2013-12-23;6,6;914,579167;18,65;27,3;21,608333;18,1;84,25;60;11,2;3,208333;
2013-12-24;8,4;915,9;18,4375;25;20,616667;18,1;87,708333;66;9,5;2,0375;
2013-12-25;,2;915,95;19,25;28,8;22,0875;18,1;85,083333;55;7,5;1,254167;
2013-12-26;37,4;915,745833;19,575;28,2;22,154167;19,6;86,333333;58;8,4;1,75;
2013-12-27;8,2;916,93913;17,717391;27,8;22,078261;18,6;78;51;8,2;2,643478;
2013-12-28;0;917,916667;18,216667;27,8;21,308333;18,8;83,75;50;8,7;2,354167;
2013-12-29;1;917,316667;16,808333;28,9;22,65;17,8;72,916667;41;9;2,245833;
2013-12-30;0;916,883333;16,9125;28,6;21,733333;17,1;75,833333;46;8,8;2,266667;
2013-12-31;0;916,345833;16,670833;29,6;22,425;16,9;72,75;40;7;2,4;
2014-01-01;0;915,991667;15,241667;28,5;22,016667;16,8;70,125;26;7,3;2,6125;
2014-01-02;0;915,1;16;28,5;21,2875;16,6;74,541667;40;8,4;2,595833;
2014-01-03;0;915,9375;16,020833;28,8;21,3875;15,7;73,75;41;7,1;1,95;
2014-01-04;0;917,341667;16,216667;28,6;22;16,7;71,958333;42;8,2;2,191667;
2014-01-05;0;918,020833;16,895833;27,1;21,366667;15,8;77,416667;50;9;2,4375;
2014-01-06;0;917,841667;15,929167;26,7;20,7375;15,4;75,666667;46;9,8;2,679167;
2014-01-07;0;917,425;16,670833;24,9;19,258333;15,5;85,5;66;10,1;2,704167;
2014-01-08;1,4;916,966667;17,183333;26,6;20,195833;17;84,333333;54;12,5;2,679167;
2014-01-09;8,2;915,745833;17,2125;25,9;20,725;17,4;82;52;8,7;2,1625;
2014-01-10;1,6;916,945833;16,970833;25,8;20,333333;15,8;82,375;56;8,1;2,279167;
2014-01-11;,2;918,175;17,591667;26,1;20,741667;18,2;82,958333;60;8,7;2,420833;
2014-01-12;1,2;919,041667;17,795833;26,5;21,275;17,4;81,958333;55;10,2;2,770833;
2014-01-13;,4;920,1625;17,804167;27,8;21,45;18,2;81,083333;53;9,8;2,9;
2014-01-14;,2;919,5625;18,0625;27,8;21,366667;17,6;82,708333;57;8,8;2,545833;
2014-01-15;0;918,045833;18,479167;27,2;21,308333;17,4;84,5;61;7,2;2,158333;
2014-01-16;0;917,508333;17,658333;27,8;22,029167;17,1;77,875;52;7,4;2,445833;
2014-01-17;0;917,670833;16,275;28,2;21,583333;16,5;74,375;42;8,5;2,504167;
2014-01-18;0;917,370833;16,958333;28,7;22,620833;17,8;72,583333;48;7,6;2,1875;
2014-01-19;0;916,466667;18,333333;27,7;22,533333;19,3;78,208333;58;8,3;2,383333;
2014-01-20;,4;916,583333;19,45;27,5;21,4375;19,6;88,916667;63;7;2,141667;
2014-01-21;31,4;917,675;18,204167;28,2;21,904167;18;81,041667;52;9,3;2,375;
2014-01-22;,6;918,15;18,204167;27,2;20,804167;16,8;85,791667;62;7,7;2,233333;
2014-01-23;,6;917,758333;16,025;28,7;21,829167;16;72,333333;40;8,6;2,283333;
2014-01-24;0;916,383333;15,104167;26,4;20,9125;16,2;72,25;39;8,3;2,083333;
2014-01-25;0;915,679167;16,225;29,5;21,479167;15,2;74,541667;39;9,1;2,358333;
2014-01-26;0;917,5125;16,558333;28,3;21,904167;16,3;73,666667;42;9,6;2,866667;
2014-01-27;0;918,866667;16,633333;28,2;20,6;15,8;80,125;44;13,6;2,6125;
2014-01-28;2,4;918,654167;17,058333;24,2;19,616667;15;85,625;66;10,5;2,6;
2014-01-29;5,4;918,141667;17,829167;24,2;19,595833;16,2;89,833333;69;10,5;2,708333;
2014-01-30;5,4;918,195833;16,795833;25,8;20,525;18;80,666667;49;9,8;2,729167;
2014-01-31;1;918,308333;16,7875;25,2;19,783333;15,9;83,833333;56;9,8;2,416667;
2014-02-01;1;917,416667;16,320833;26,4;20,4375;17;78,833333;49;10;2,691667;
2014-02-02;,2;916,754167;14,704167;27,5;20,879167;14,4;71,291667;35;9,7;2,658333;
2014-02-03;,8;915,983333;15,529167;27,9;21,320833;15,5;72,416667;40;12,3;2,65;
2014-02-04;0;916,7625;17,595833;26,8;21,116667;17,6;81,5;57;10,6;2,65;
2014-02-05;12,2;917,1875;18,091667;24,7;20,016667;17,3;88,958333;69;15;2,704167;
2014-02-06;7,4;917,345833;17,483333;25,6;20,095833;16,5;85,708333;59;9,8;2,845833;
2014-02-07;,8;918,429167;17,525;26,5;21,216667;17,9;80,75;56;9,3;2,5625;
2014-02-08;0;918,0875;16,620833;27,8;21,566667;15,5;76,166667;42;8,6;2,683333;
2014-02-09;,2;917,7;16,308333;27,6;21,15;16;76,083333;44;9,6;2,6;
2014-02-10;0;917,883333;16,7;25,9;20,6125;15,8;79,666667;47;12,4;2,8875;
2014-02-11;,2;917,445833;17,441667;25,5;19,666667;16,7;87,625;63;8,7;2,716667;
2014-02-12;5,4;916,2875;15,816667;27,4;20,9625;16,2;75,416667;41;8,1;2,129167;
2014-02-13;0;915,245833;16,520833;27,6;21,204167;15,8;77,208333;46;10,6;2,479167;
2014-02-14;0;915,779167;16,75;29;21,754167;17,1;75,458333;45;7,3;1,9625;
2014-02-15;0;916,116667;16,925;28,2;21,716667;17;76,375;42;7,6;2,2375;
2014-02-16;0;916,070833;17,083333;27,7;21,320833;16,9;78,083333;49;10,5;2,379167;
2014-02-17;,6;915,383333;16,120833;28,9;22,225;16,9;71,625;40;7,7;2,4;
2014-02-18;0;915,066667;16,116667;29,4;21,945833;16;72,791667;40;8,5;1,991667;
2014-02-19;0;915,725;16,845833;26,4;21,4875;18;76,458333;46;7,2;2,091667;
2014-02-20;0;916,775;16,254167;29,3;21,3875;14,7;75,541667;43;13,1;2,525;
2014-02-21;1,2;917,554167;16,204167;29,7;22,195833;17,7;72,625;35;10,3;3,058333;
2014-02-22;0;917,554167;16,779167;28,2;21,841667;16,9;74,833333;49;10,9;2,8125;
2014-02-23;0;917,7125;17,858333;28;21,008333;17,3;83;56;11,2;2,733333;
2014-02-24;,6;917,7375;18,0125;27,3;21,229167;17,8;83;59;10,3;2,541667;
2014-02-25;,6;917,177273;17,068182;28,5;21,95;17;76,409091;33;10,4;2,75;
2014-02-26;0;916,8375;16,975;27,1;20,4125;16,5;81,875;52;11,9;2,679167;
2014-02-27;,6;916,0875;16,841667;26,9;20,5125;16,2;81,291667;46;7;1,9875;
2014-02-28;,4;915,654167;17,404167;29,5;22,079167;17,9;76,916667;41;9,2;2,191667;
2014-03-01;0;915,729167;18,0875;26,7;20,820833;18,3;84,833333;58;10,6;1,608333;
2014-03-02;4,8;915,254167;17,45;28,1;22,095833;18,5;77,333333;48;8,7;2,45;
2014-03-03;,4;915,725;17,825;26,6;20,491667;17,7;85,708333;61;9,3;2,554167;
2014-03-04;8,6;916,991667;18,675;25,4;20,8875;18,4;87,833333;66;10,5;2,708333;
2014-03-05;1;917,933333;16,708333;27,4;21,183333;16,7;77,708333;48;8,3;2,545833;
2014-03-06;,6;916,804167;16,9875;26,9;20,9875;16,4;79,541667;50;9,6;2,666667;
2014-03-07;0;915,908333;16,55;29,4;21,958333;16,5;74,083333;43;8,1;1,916667;
2014-03-08;0;916,029167;17,225;30,9;22,758333;17,3;74,041667;37;7,8;2,316667;
2014-03-09;0;916,770833;17,433333;29,2;22,533333;18,1;74,75;50;8;2,516667;
2014-03-10;0;917,3625;16,570833;30,2;22,620833;16,2;72,125;35;8,7;2,895833;
2014-03-11;0;917,241667;16,533333;29,7;21,933333;17,1;73,666667;39;9,4;2,645833;
2014-03-12;,2;917,9125;16,525;28,9;21,529167;16;75,625;44;9,4;2,55;
2014-03-13;0;918,5625;17,25;28,4;21,604167;17,2;78,208333;46;9,1;2,820833;
2014-03-14;4,2;917,979167;17,104167;28,1;21,404167;16,6;78,958333;44;9;2,75;
2014-03-15;,6;917,979167;17,304167;24,6;19,329167;16,3;88,583333;64;8,7;2,545833;
2014-03-16;9,6;917,508333;16,883333;27,1;20,991667;17;79,5;49;10,1;2,316667;
2014-03-17;0;917,545833;17,245833;27,4;21,104167;16,8;79,791667;54;8,4;2,766667;
2014-03-18;,2;917,566667;17,766667;26,8;21,041667;18;82,458333;61;9,1;2,441667;
2014-03-19;0;916,816667;17,420833;27,7;21,4375;17,3;79,333333;54;7,4;2,095833;
2014-03-20;1;916,25;17,270833;28,9;21,966667;17,5;76,416667;49;7,6;2,2;
2014-03-21;0;916,633333;17,516667;30,4;22,8;17,6;74,958333;43;7;2,1125;
2014-03-22;,2;916,7875;17,279167;30,6;23,316667;18,2;71,916667;40;7,5;2,279167;
2014-03-23;0;915,904167;17,975;31,2;23,858333;18,2;72,458333;40;8,7;2,545833;
2014-03-24;0;917;18,341667;28;22,333333;17,9;79,416667;55;8,7;2,870833;
2014-03-25;,6;918,033333;17,658333;28,1;22,179167;18,5;77,041667;50;8,2;2,454167;
2014-03-26;0;917,691667;17,554167;29,6;23,045833;19,3;73,625;42;7,5;2,220833;
2014-03-27;3;917,058333;18,920833;26,4;21,329167;19,2;86,791667;64;8,7;2,175;
2014-03-28;3;916,704167;18,029167;27,4;20,954167;17,8;84,375;58;7,8;2,125;
2014-03-29;0;916,804167;17,720833;28,2;21,4375;18,5;80,75;44;8,7;2,216667;
2014-03-30;1,4;917,558333;17,816667;27,4;21,7875;19;79,458333;55;7,8;2,1125;
2014-03-31;0;918,1125;17,404167;28,6;22,3125;17,1;76,041667;47;8,6;2,5875;
2014-04-01;0;918,0875;18,166667;29;22,091667;18,2;79,958333;52;8,7;2,508333;
2014-04-02;0;916,775;17,670833;28,6;22,620833;17,4;75,583333;49;8,3;2,108333;
2014-04-03;0;916,2;17,845833;30,4;22,933333;17,4;75,291667;47;8;1,920833;
2014-04-04;0;917,216667;18,3375;30,1;23,245833;18;75,75;46;8,1;1,970833;
2014-04-05;23,4;918,391667;18,4625;27,9;21,820833;17,2;82,583333;57;9,1;2,158333;
2014-04-06;3;918,775;18,745833;25,4;20,779167;18,9;88,541667;69;9,6;2,7875;
2014-04-07;0;917,279167;18,1875;27;21,2375;18;83,75;57;6,4;1,8875;
2014-04-08;,2;916,408333;17,695833;29,8;22,133333;17,5;78,25;43;7,5;1,5375;
2014-04-09;0;916,35;17,004167;29,9;22,354167;16,7;75,333333;24;7,1;1,804167;
2014-04-10;0;916,329167;17,254167;30,3;22,729167;17,9;74,541667;33;7,8;1,929167;
2014-04-11;,2;917,8125;15,879167;28,7;22;17,7;71,583333;33;10,8;2,15;
2014-04-12;0;918,208333;16,083333;28,1;21,008333;14,8;75,916667;44;8,2;2,245833;
2014-04-13;0;917,254167;17,5;29;22,3625;16,4;76,5;48;7,8;2,1;
2014-04-14;0;916,670833;18,354167;28;22,3125;18,5;79,458333;51;9,4;2,325;
2014-04-15;,2;916,733333;17,045833;28,5;22,520833;19;73,5;45;9,2;2,895833;
2014-04-16;0;916,7875;15,729167;28,9;21,904167;14,7;71,083333;37;7,9;2,033333;
2014-04-17;0;916,470833;16,295833;28,1;22,179167;17,3;72,083333;40;8,8;2,325;
2014-04-18;0;916,325;17,870833;27,9;21,891667;18,3;78,958333;52;9;2,225;
2014-04-19;0;917,5875;16,958333;29,9;23,245833;18,7;70,541667;38;8,4;2,304167;
2014-04-20;0;917,7125;16,791667;29,2;21,841667;16;75,791667;39;9,2;2,308333;
2014-04-21;0;916,85;15,525;30,4;22,404167;17,2;68,833333;33;9,6;2,179167;
2014-04-22;0;916,883333;15,825;28,8;21,795833;16,2;71,75;41;9,3;2,658333;
2014-04-23;0;917,129167;15,475;29,7;21,954167;15;70,75;36;9,3;2,254167;
2014-04-24;0;916,225;14,941667;31,6;22,9375;16,6;65,083333;29;5,8;1,945833;
2014-04-25;0;914,566667;17,5375;29,3;21,975;15,6;77,458333;47;8,4;2,066667;
2014-04-26;2,6;916,408333;17,6625;21,1;18,716667;17,4;93,5;84;8,2;2,741667;
2014-04-27;,4;918,145833;16,233333;23,4;19,116667;17,2;84,458333;61;9,1;2,558333;
2014-04-28;0;919,8;13,908333;24,3;18,604167;14,6;75,75;46;9,6;2,983333;
2014-04-29;0;920,325;13,0375;22,9;17,920833;15;73,916667;52;11,2;3,4;
2014-04-30;0;918,804167;13,195833;23,3;17,866667;14,6;75,375;52;10,3;2,995833;
2014-05-01;0;917,533333;14,25;25,2;18,725;14,2;77,125;49;7,7;2,283333;
2014-05-02;0;918,325;14,408333;27,9;19,804167;12,5;73,666667;43;9,1;1,833333;
2014-05-03;0;919,826087;14,969565;26,8;20,995652;17,3;70,782609;42;8;2,786957;
2014-05-04;0;920,425;15,991667;22,3;18,725;16;84,416667;64;9,2;2,554167;
2014-05-05;1;919,329167;15,9;26,8;20,058333;15,8;79,208333;48;9,6;2,279167;
2014-05-06;0;919,258333;16,9125;24,5;19,3625;16,3;86,5;59;11,6;2,5125;
2014-05-07;2;919,883333;17,5625;25,7;20,25;17,6;85,833333;59;8,6;2,429167;
2014-05-08;12,2;918,829167;16,004167;26;20,266667;16,9;78,875;46;8,4;2,2;
2014-05-09;0;915,658333;15,9625;28,6;20,883333;15,3;76,541667;42;7,2;1,741667;
2014-05-10;0;915,366667;16,683333;29,6;22,516667;20,4;71,791667;41;11,3;2;
2014-05-11;,4;919,2375;16,229167;21,5;18,841667;17,3;85,166667;69;10,7;3,541667;
2014-05-12;,2;919,541667;12,5875;22,3;17,591667;15;74,208333;49;11,3;3,641667;
2014-05-13;0;918,7;11,795833;25,5;17,433333;10,1;73,125;32;8,6;1,920833;
2014-05-14;0;918,7125;13,670833;25,8;18,975;14,5;73,291667;43;8,3;2,391667;
2014-05-15;0;918,4125;15,825;27,2;19,9375;14,6;79,041667;49;7,9;2,133333;
2014-05-16;0;916,820833;18,333333;27,1;21,320833;18,3;84,125;60;7,2;1,991667;
2014-05-17;0;916,975;17,683333;27,4;21,904167;19,1;78,708333;49;8,9;2,625;
2014-05-18;0;918,0625;15,45;25,8;20,375;17,4;74,666667;50;9;2,9125;
2014-05-19;0;917,779167;15,508333;26,7;20,754167;16,6;73,791667;48;8;2,254167;
2014-05-20;0;918,55;14,7125;25;19,433333;12,8;76,041667;50;9,4;2,495833;
2014-05-21;0;918,345833;15,375;25;19,445833;14,9;78,791667;54;12;2,591667;
2014-05-22;0;918,443478;16,182609;28,6;20,691304;12,7;77,695652;48;8;2,130435;
2014-05-23;,2;917,620833;18,2125;30,6;22,491667;18;79,041667;43;9,1;1,691667;
2014-05-24;0;917,170833;16,9375;30,2;23,083333;17;71,791667;34;8,5;2,104167;
2014-05-25;0;918,141667;17,420833;27,4;21,858333;18,3;77,625;50;8,4;2,379167;
2014-05-26;0;919,2375;17,045833;28,6;21,504167;16,3;77,625;47;14,5;2,120833;
2014-05-27;0;918,266667;16,545833;29,4;21,658333;15,6;76,125;33;6,8;1,829167;
2014-05-28;0;916,804348;13,217391;29;21,886957;15,7;61,695652;31;8;2,26087;
2014-05-29;0;917,716667;15,2;25,5;19,758333;15,5;76,291667;52;8,9;2,233333;
2014-05-30;0;919,636364;16,281818;21,5;18,336364;16,9;88;72;10;3,463636;
2014-05-31;0;919,486957;13,7;23;18,108696;15,5;76,521739;56;10;2,934783;
2014-06-01;0;917,341667;12,95;25,6;18,695833;13,9;72,333333;42;5,6;1,65;
2014-06-02;0;914,970833;12,983333;28,1;19,2625;12,6;70,291667;35;6;1,783333;
2014-06-03;0;915,431818;14,804545;28,4;21,313636;17,1;68,090909;38;8,5;2,75;
2014-06-04;2,2;917,709091;16,613636;22,7;19,577273;16,7;83,454545;67;7;2,022727;
2014-06-05;,2;917,920833;15,4125;25,9;19,416667;14,9;79,875;50;7,5;1,6875;
2014-06-06;,2;917,116667;14,683333;27,5;19,9625;14,4;74,833333;36;8,8;2,2875;
2014-06-07;0;917,5375;14,233333;26,1;19,229167;14,3;75,416667;41;8,7;2,370833;
2014-06-08;,2;918,5875;13,916667;25,2;17,85;10,6;79,875;46;9,1;1,95;
2014-06-09;,6;921,2375;15,641667;23,1;17,270833;12,4;90,666667;64;10,4;2,4875;
2014-06-10;3,4;921,83913;16,582609;23,1;18,973913;16,7;86,521739;66;10,9;2,873913;
2014-06-11;1;921,758333;16,241667;23,8;18,616667;16,6;86,625;59;11,4;3,216667;
2014-06-12;2,2;921,229167;16,770833;24,4;18,808333;15,6;88,666667;61;7,8;2,370833;
2014-06-13;8,8;921,456522;16,786957;23,8;19,121739;17,4;87,304348;59;11,8;2,895652;
2014-06-14;,2;921,256522;15,647826;24,4;19,065217;16,1;82;53;10,3;2,986957;
2014-06-15;,2;920,659091;17;24,2;18,654545;16,5;90,363636;64;8,6;2,545455;
2014-06-16;10,2;921,433333;16,891667;22,1;18,3125;16,7;91,791667;74;9,7;2,804167;
2014-06-17;2;921,95;15,7;24,1;18,808333;15,6;83,375;57;9,1;2,6375;
2014-06-18;,2;922,341667;14,741667;22,9;17,85;15,1;83,333333;54;10,1;2,420833;
2014-06-19;,2;922,008333;13,904167;23,6;17,3125;10,6;82,041667;54;7,9;1,7;
2014-06-20;1,6;921,458333;15,966667;20,9;17,466667;15,4;91,041667;75;8,1;2,475;
2014-06-21;0;921,15;14,75;23,3;18,179167;15,3;81,791667;55;7,3;2,220833;
2014-06-22;2,6;921,916667;15,570833;19,4;16,566667;14,7;94;83;11,3;3,441667;
2014-06-23;2,4;923,458333;14,433333;19,1;16,1875;14,7;89,541667;72;10,3;3,141667;
2014-06-24;,6;922,079167;13,8;22,9;17,383333;13,8;80,541667;56;8,5;2,604167;
2014-06-25;0;919,741667;14,441667;22,1;17,616667;14,9;82,583333;56;8,1;2,525;
2014-06-26;0;919,4875;14,6875;23,6;18,2375;15,5;80,583333;54;9,1;2,520833;
2014-06-27;,2;920,195833;17,1125;24,2;18,995833;16,7;89,333333;67;7,5;1,8375;
2014-06-28;,8;921,0375;16;24,8;19,958333;17,1;79,416667;52;7;1,866667;
2014-06-29;0;920,358333;16,708333;24,4;19,604167;16,8;84,291667;60;8,4;2,216667;
2014-06-30;0;919,5125;15,075;24,8;18,9625;15,1;79,375;51;7,1;1,8875;
2014-07-01;0;918,95;13,8125;26,3;18,154167;11,4;78,958333;41;6,1;1,629167;
2014-07-02;,2;920,229167;13,475;26,3;18,966667;13,5;74,458333;32;8;2,516667;
2014-07-03;0;922,0625;13,779167;24,7;18,495833;14,5;76,75;43;8,6;2,225;
2014-07-04;,2;922,45;13,0875;24,4;18,204167;13,4;75,25;36;9,4;2,375;
2014-07-05;,2;922,375;14,4;22,6;17,104167;12,5;85,166667;63;8,8;2,5625;
2014-07-06;,4;923,129167;14,504167;24,4;18,195833;15,6;80,458333;53;10,4;2,583333;
2014-07-07;,2;923,725;14,4875;23,2;17,15;12,4;85,666667;56;10,5;2,266667;
2014-07-08;1,8;923,141667;14,675;23,5;18,133333;14,8;81,958333;51;11,1;2,8125;
2014-07-09;0;921,520833;13,95;24,5;18,291667;14;77,708333;49;8,9;2,3;
2014-07-10;0;920,366667;14,0125;24,3;18,620833;15,2;76,458333;46;6;2,033333;
2014-07-11;0;919,541667;13,654167;25,5;19,016667;13,4;73,708333;42;7,7;2,033333;
2014-07-12;0;921,55;14,841667;24,7;18,541667;13,7;80,708333;52;8,5;2,608333;
2014-07-13;0;923,754167;14,7875;21,9;17,533333;15,9;84,25;66;11,7;3,7875;
2014-07-14;1,8;923,658333;13,2375;20,4;16,229167;14,3;82,75;65;11,6;3,8125;
2014-07-15;0;923,308333;14,433333;19,5;16,208333;14,3;89,375;77;8,5;3,2875;
2014-07-16;,6;923,7375;14,454167;22,1;17,341667;14,6;84,291667;59;9,2;2,845833;
2014-07-17;0;923,925;13,6875;23,9;17,791667;14,1;78,583333;52;9,1;2,458333;
2014-07-18;,2;922,708333;13,65;24,7;16,9375;11,6;82,833333;41;6,6;1,608333;
2014-07-19;,2;921,0375;13,108333;28,3;18,979167;10,9;74,083333;30;11,5;2,0125;
2014-07-20;0;921,779167;14,770833;25,3;19,470833;16,9;75,916667;48;9,5;2,641667;
2014-07-21;0;922,629167;14,933333;23,5;18,491667;16,7;80,666667;56;10;3,458333;
2014-07-22;,6;923,75;14,541667;18,4;16,175;15,6;90,041667;78;9,9;3,375;
2014-07-23;,4;923,404167;14,7125;21;17,066667;14,8;86,583333;65;10;2,916667;
2014-07-24;,2;921,658333;14,095833;24,1;17,508333;13,3;81,541667;50;8,3;2,270833;
2014-07-25;,2;920,425;15,929167;25,2;19,120833;14,6;83,083333;56;7,6;2,233333;
2014-07-26;1,2;920,504167;16,0375;25,7;19,65;16;81,375;48;9,8;2,770833;
2014-07-27;0;921,266667;17,2;21,7;18,45;16,1;92,583333;77;7,1;2,204167;
2014-07-28;6,4;923,745833;15,116667;23;18,104167;15,2;84,333333;54;10,2;3,270833;
2014-07-29;2,2;923,845833;16,0125;20,8;17,104167;15,7;93,5;76;12,1;3,691667;
2014-07-30;9,8;923,3;14,154167;16,8;14,991667;13,6;94,833333;86;11,4;3,691667;
2014-07-31;1,6;922,204167;13,891667;19,3;15,220833;12,1;91,75;77;8,9;2,504167;
2014-08-01;,8;921,875;14,879167;22,4;17,070833;14,7;87,708333;62;7,1;2,1375;
2014-08-02;,2;921,066667;14,320833;25,5;18,1125;12,6;81,041667;44;6,5;1,829167;
2014-08-03;0;919,616667;14,1;24,8;18,466667;14,3;78,208333;44;7,1;2,1;
2014-08-04;,2;920,154167;13,604167;27,2;19,908333;15,3;71,875;25;8,3;2,008333;
2014-08-05;0;920,704167;12,5625;27,3;20,029167;15,3;67,916667;27;10;2,616667;
2014-08-06;1,4;923,191667;13,791667;19;16,541667;14,9;83,958333;64;12,8;4,2625;
2014-08-07;0;923,5875;11,054167;21,2;15,525;11,4;75,708333;54;11,8;3,6375;
2014-08-08;0;921,908333;11,775;23,2;16,654167;11,9;74,958333;50;8,5;2,470833;
2014-08-09;0;921,733333;11,120833;22,2;16,045833;11,2;75,125;43;10,5;2,833333;
2014-08-10;,2;921,908333;12,45;22,9;16,595833;10,9;78,5;46;9,3;2,6875;
2014-08-11;0;921,833333;13,625;23,1;17,8625;14,4;78,041667;50;9,5;2,904167;
2014-08-12;,2;921,454167;12,816667;25,6;17,929167;13,3;74,791667;38;10,2;2,625;
2014-08-13;,2;920,4625;13,570833;26,6;18,508333;13,6;75,791667;36;8,6;2,5;
2014-08-14;0;921,716667;13,108333;23,6;17,954167;10,5;75,875;44;11,5;2,916667;
2014-08-15;0;924,058333;12,654167;23,6;18,179167;14,2;72,041667;45;13,6;4,1375;
2014-08-16;,6;923,895833;12,9375;23,4;17,820833;14,6;75,625;39;13;4,054167;
2014-08-17;,8;922,875;12,7625;24,6;17,6375;12,1;75,5;43;12,2;3,229167;
2014-08-18;,4;921,279167;13,566667;24,1;17,854167;11,9;78,208333;50;9;2,604167;
2014-08-19;0;920,708333;13,175;24,2;17,870833;11,3;76,541667;49;8,7;2,629167;
2014-08-20;0;921,629167;13,345833;24,6;18,6125;14,6;73,833333;42;9,9;2,825;
2014-08-21;0;922,229167;12,75;24,9;18,279167;13,4;73,041667;39;11,1;3,2125;
2014-08-22;0;921,05;11,766667;25,4;18,441667;13,7;68,875;33;8;2,383333;
2014-08-23;0;919,933333;13,420833;23,3;17,854167;13,3;76,833333;53;11,2;2,720833;
2014-08-24;0;919,945833;11,366667;25;17,233333;9,4;72,666667;36;11,4;2,8625;
2014-08-25;0;919,904167;13,9375;26,8;18,383333;11,9;77,708333;43;9,1;2,883333;
2014-08-26;0;919,55;14,7875;27,1;19,7625;15;74,833333;42;9,2;3,145833;
2014-08-27;0;918,316667;13,295833;28,7;20,05;15;69,708333;29;9,6;3,370833;
2014-08-28;0;918,0875;13,845833;28;19,75;14,3;72,083333;37;10,1;2,520833;
2014-08-29;0;919,716667;14,775;27,5;20,208333;15,1;73,583333;45;9,3;2,7375;
2014-08-30;0;920,883333;15,7375;24,3;19,8;16,9;78,541667;57;8,8;2,65;
2014-08-31;0;920,354167;15,295833;27,8;20,425;16,2;74,958333;40;7,8;2,458333;
2014-09-01;0;918,241667;12,808333;30,9;21,5375;15,4;64,916667;21;10,4;2,8875;
2014-09-02;0;916,441667;11,529167;34;24,191667;19;48,958333;20;9,4;3,008333;
2014-09-03;0;916,320833;12,3375;33,1;22,508333;12,6;57,75;22;7,5;1,666667;
2014-09-04;0;917,254167;16,141667;29,9;23,3375;17,8;67,125;38;10,4;3,025;
2014-09-05;0;921,370833;13,991667;21,4;17,516667;15,2;80,666667;60;12,5;4,729167;
2014-09-06;,2;922,920833;11,191667;21,4;14,570833;9,3;81,166667;49;11,9;3,758333;
2014-09-07;1,6;922,895833;11,879167;21,3;15,791667;11,6;79,375;46;10,5;3,1;
2014-09-08;,2;923,0125;12,895833;22,8;16,520833;12,4;80,416667;56;10,7;3,208333;
2014-09-09;1,4;921,875;14,108333;23,7;16,933333;11,8;85,083333;54;9,6;2,908333;
2014-09-10;1,4;920,983333;13,404167;25,2;18,65;14,1;75,375;37;9,6;3,1875;
2014-09-11;0;919,920833;13,391667;25,2;18,925;14,8;72,041667;47;9,8;3,241667;
2014-09-12;0;918,970833;14,125;26,5;19,529167;15,7;72,833333;45;10,2;3,0875;
2014-09-13;0;920,366667;13,591667;25,7;19,5625;16,1;70,5;42;9,6;3,4;
2014-09-14;0;921,125;13,9375;23,8;17,895833;13,9;78,5;57;11,1;3,075;
2014-09-15;0;920,241667;11,6625;28,5;19,129167;12,1;67,375;28;10,7;2,55;
2014-09-16;0;918,558333;13,2125;28,7;20,5125;15,5;67,083333;31;8,9;2,741667;
2014-09-17;0;918,891667;13,904167;27,7;20,129167;14,7;70,958333;36;9,8;3,133333;
2014-09-18;0;919,904167;12,416667;26,1;20;14,8;65,541667;36;12,4;3,425;
2014-09-19;0;918,720833;12,945833;28,2;20;14;67,541667;32;10,4;3,358333;
2014-09-20;0;918,666667;13,4375;29,4;21,1375;14,9;65,791667;29;8,4;2,2625;
2014-09-21;0;916,379167;13,091667;32,6;23,308333;16,7;60,791667;18;11,9;3,445833;
2014-09-22;0;916,9625;16,470833;28,9;22,125;19,2;71,666667;46;13,9;4,566667;
2014-09-23;,2;921,05;14,429167;23,8;18,025;15,2;80,541667;57;11,4;3,875;
2014-09-24;0;921,058333;13,983333;24,8;18,858333;15,2;74,666667;50;9,5;3,166667;
2014-09-25;0;920,075;15,175;27,4;20,220833;16,8;74,5;45;9,5;2,9625;
2014-09-26;0;919,1;14,054167;27,6;20,4375;15,9;68,791667;42;8,5;3,120833;
2014-09-27;0;919,220833;14,245833;29,1;20,633333;15;70,458333;34;9,3;3,533333;
2014-09-28;0;919,541667;14,716667;29,5;21,7375;17,4;67,5;32;9,9;3,583333;
2014-09-29;0;919,375;13,4875;29,5;22,3;17,3;60,958333;31;10,1;3,283333;
2014-09-30;0;918,25;14,754167;30,7;22,341667;16,7;65,958333;32;7,8;2,845833;
2014-10-01;0;917,533333;14,9;30,3;22,225;16;66,916667;36;8,6;2,9;
2014-10-02;0;917,825;14,195833;29,2;22,604167;16,8;61,708333;33;12,4;3,316667;
2014-10-03;3,6;920,708333;14,7;22,5;17,579167;15,8;84,083333;60;14,1;5,404167;
2014-10-04;0;921,475;10,829167;22,1;16,833333;13,5;68,958333;48;13,7;4,958333;
2014-10-05;0;922,345833;11,058333;21,1;15,383333;11,9;76,583333;49;13,3;4,066667;
2014-10-06;,2;922,279167;10,604167;23,7;16,216667;10,9;71,375;41;10,5;3,8;
2014-10-07;0;921,154167;10,883333;25,2;18,075;13;66,166667;38;9,3;3,154167;
2014-10-08;0;919,466667;12,4375;25,8;18,666667;13,7;69,416667;43;8,9;2,858333;
2014-10-09;0;918,65;14,229167;26,8;19,970833;15,9;71,75;43;10,6;3,070833;
2014-10-10;0;919,6375;14,5375;25,3;19,083333;15,5;76,208333;49;8,5;2,829167;
2014-10-11;0;919,958333;14,141667;28,5;20,720833;13,9;69,5;37;10,8;2,966667;
2014-10-12;0;920,279167;15,075;28,6;21,275;15,6;70,625;37;11,2;3,133333;
2014-10-13;0;920,516667;13,779167;29,6;21,6125;13,2;66,375;30;13;3,120833;
2014-10-14;0;919,8375;12,620833;30,7;21,991667;14,8;61,583333;21;9,9;2,858333;
2014-10-15;0;919,075;10,475;32;23,066667;16,6;52,833333;13;10,7;3,4;
2014-10-16;0;919,8;13,104167;28,3;21,2875;15,4;63,083333;33;11,4;3,145833;
2014-10-17;0;919,241667;13,216667;29,9;20,9125;11,8;65,875;31;10,1;2,8;
2014-10-18;0;917,679167;14,683333;30,5;22,491667;16;65,25;33;10;2,966667;
2014-10-19;0;916,5125;15,133333;32,4;23,195833;16,6;65,291667;26;10;3,254167;
2014-10-20;0;915,308333;15,6625;32,7;23,754167;16,8;64,833333;29;10,2;3,158333;
2014-10-21;0;916,770833;16,95;27,9;22,245833;18,9;73,541667;48;9,3;3,145833;
2014-10-22;0;918,970833;16,1125;25;19,345833;15,9;82,791667;56;11,5;3,216667;
2014-10-23;4,6;920,125;16,225;21;17,316667;15,6;93,458333;78;9,9;3,133333;
2014-10-24;1,4;918,616667;15,808333;25,4;18,508333;14,8;85,375;57;8,6;3,0375;
2014-10-25;0;916,7125;15;28,9;21,554167;17;70;34;9,1;3,191667;
2014-10-26;0;916,075;15,379167;29,6;22,279167;17,4;67,916667;37;10,6;3,395833;
2014-10-27;0;917,4375;16,125;25;20,158333;17,6;78,333333;55;9,3;2,7875;
2014-10-28;4;917,016667;17,145833;28,5;21,354167;18;79,5;47;8,7;2,620833;
2014-10-29;26;916,895833;17,483333;22;19,070833;17,4;90,833333;77;8,9;2,3625;
2014-10-30;8,2;917,491667;17,558333;24,2;20,4375;18,4;84,25;61;10,4;2,691667;
2014-10-31;,6;918,254167;16,354167;28,1;20,920833;15,9;77,291667;39;9,9;2,675;
2014-11-01;0;919,058333;15,295833;27,5;21,191667;17,4;71,666667;38;10,3;2,770833;
2014-11-02;,2;917,854167;17,6125;26,9;20,325;17,7;85,333333;56;9,6;2,958333;
2014-11-03;2,4;916,416667;15,783333;25,5;20,025;16,8;78,083333;48;9,8;3,079167;
2014-11-04;0;916,766667;14,508333;28;20,5125;13,4;71,708333;43;9,2;2,454167;
2014-11-05;0;917,983333;16,025;29,2;21,7125;17,5;72,416667;41;10;2,854167;
2014-11-06;0;918,925;17,275;27,6;22,1;18,5;75,333333;53;9,5;3,241667;
2014-11-07;0;917,608333;16,825;28;21,366667;17,5;76,958333;48;9,9;3,254167;
2014-11-08;0;915,704167;15,725;30,5;22,041667;16,4;70,291667;39;10,5;2,5375;
2014-11-09;0;914,558333;16,533333;30,7;22,733333;16,6;70,916667;39;8,1;2,304167;
2014-11-10;0;914,691667;18,133333;28,1;21,195833;18,8;84;53;12;1,933333;
2014-11-11;16;914,508333;18,204167;26,8;21,8125;18,1;81,125;60;7,8;2,041667;
2014-11-12;0;913,991667;18,845833;26,1;21,041667;18,9;87,791667;62;7,6;2,358333;
2014-11-13;54,6;913,8875;18,629167;24,8;20,445833;18,6;89,833333;68;7,2;1,979167;
2014-11-14;20,6;913,954167;19,183333;28,1;21,570833;18,7;87,125;56;10,3;1,9375;
2014-11-15;8;914,729167;18,975;29,9;23,104167;18,9;79,916667;49;8,2;1,941667;
2014-11-16;68;915,995833;18,270833;22,6;19,291667;18,1;93,916667;80;9,5;2,408333;
2014-11-17;2,8;916,991667;15,270833;18;16,354167;14,7;93,333333;85;8,9;3,1;
2014-11-18;6,4;917,116667;15,241667;18,6;16,104167;14,3;94,625;85;8,1;2,770833;
2014-11-19;3;917,85;15,275;21,7;17,8;15,2;85,583333;68;7,8;2,4625;
2014-11-20;,6;918,108333;15,9625;22,7;18,904167;15,6;83,5;68;8,6;2,395833;
2014-11-21;0;917,725;17,7875;26,1;20,925;16,4;83,208333;67;8,3;2,491667;
2014-11-22;1,4;917,208333;18,241667;27,3;21,483333;18,2;82,958333;58;9,1;2,445833;
2014-11-23;0;916,6625;18,0875;27,8;20,583333;16,3;86,416667;58;8,2;1,7;
2014-11-24;15;917,283333;18,6;26,8;21,554167;18,9;84,125;56;13,4;1,9375;
2014-11-25;,2;916,4125;16,920833;27,6;21,454167;17,7;77,416667;46;8,3;2,441667;
2014-11-26;0;916,008333;15,716667;27,6;21,420833;17,4;72,291667;43;10;2,945833;
2014-11-27;0;916,308333;15,4875;28,5;21,216667;15,5;71,958333;41;10,9;2,9125;
2014-11-28;0;916,354167;15,658333;30,2;22,591667;16,4;69,458333;31;8,6;2,279167;
2014-11-29;0;917,058333;16,808333;28;21,483333;16,7;76,583333;49;8,2;2,4125;
2014-11-30;0;917,479167;16,3625;27,1;21,945833;18,1;72,458333;46;8,7;3,029167;
2014-12-01;null;918,525;15,291667;26,3;19,375;13,4;79,125;46;11;2,6625;
2014-12-02;null;918,3375;16,379167;25,9;19,15;16,2;84,916667;55;8,9;2,466667;
2014-12-03;null;917,075;15,3625;25,9;19,870833;15;77,333333;49;9,9;2,445833;
2014-12-04;null;915,920833;15,2;26,5;20,625;15,5;73,666667;43;8,2;2,0875;
2014-12-05;null;null;null;null;null;15,3;85,692308;57;6,5;null;
2014-12-06;null;null;null;null;null;null;null;null;null;null;
2014-12-07;null;null;null;null;null;null;null;null;null;null;
2014-12-08;null;null;null;null;null;null;null;null;null;null;
2014-12-09;null;null;null;null;null;null;null;null;null;null;
2014-12-10;null;null;null;null;null;null;null;null;null;null;
2014-12-11;null;null;null;null;null;null;null;null;null;null;
2014-12-12;null;null;null;null;null;null;null;null;null;null;
2014-12-13;null;null;null;null;null;null;null;null;null;null;
2014-12-14;null;null;null;null;null;null;null;null;null;null;
2014-12-15;null;null;null;null;null;null;null;null;null;null;
2014-12-16;null;null;null;null;null;null;null;null;null;null;
2014-12-17;null;null;null;null;null;null;null;null;null;null;
2014-12-18;null;null;null;null;null;null;null;null;null;null;
2014-12-19;null;null;null;null;null;null;null;null;null;null;
2014-12-20;null;null;null;null;null;null;null;null;null;null;
2014-12-21;null;null;null;null;null;null;null;null;null;null;
2014-12-22;null;null;null;null;null;null;null;null;null;null;
2014-12-23;null;null;null;null;null;null;null;null;null;null;
2014-12-24;null;null;null;null;null;null;null;null;null;null;
2014-12-25;null;null;null;null;null;null;null;null;null;null;
2014-12-26;null;null;null;null;null;null;null;null;null;null;
2014-12-27;null;null;null;null;null;null;null;null;null;null;
2014-12-28;null;null;null;null;null;null;null;null;null;null;
2014-12-29;null;null;null;null;null;null;null;null;null;null;
2014-12-30;null;null;null;null;null;null;null;null;null;null;
2014-12-31;null;null;null;null;null;null;null;null;null;null;
2015-01-01;null;null;null;null;null;null;null;null;null;null;
2015-01-02;null;null;null;null;null;null;null;null;null;null;
2015-01-03;null;null;null;null;null;null;null;null;null;null;
2015-01-04;null;null;null;null;null;null;null;null;null;null;
2015-01-05;null;null;null;null;null;null;null;null;null;null;
2015-01-06;null;null;null;null;null;null;null;null;null;null;
2015-01-07;null;null;null;null;null;null;null;null;null;null;
2015-01-08;null;null;null;null;null;null;null;null;null;null;
2015-01-09;null;null;null;null;null;null;null;null;null;null;
2015-01-10;null;null;null;null;null;null;null;null;null;null;
2015-01-11;null;null;null;null;null;null;null;null;null;null;
2015-01-12;null;null;null;null;null;null;null;null;null;null;
2015-01-13;null;null;null;null;null;null;null;null;null;null;
2015-01-14;null;null;null;null;null;null;null;null;null;null;
2015-01-15;null;null;null;null;null;null;null;null;null;null;
2015-01-16;null;null;null;null;null;null;null;null;null;null;
2015-01-17;null;null;null;null;null;null;null;null;null;null;
2015-01-18;null;null;null;null;null;null;null;null;null;null;
2015-01-19;null;null;null;null;null;null;null;null;null;null;
2015-01-20;null;null;null;null;null;null;null;null;null;null;
2015-01-21;null;null;null;null;null;null;null;null;null;null;
2015-01-22;null;null;null;null;null;null;null;null;null;null;
2015-01-23;null;null;null;null;null;null;null;null;null;null;
2015-01-24;null;null;null;null;null;null;null;null;null;null;
2015-01-25;null;null;null;null;null;null;null;null;null;null;
2015-01-26;null;null;null;null;null;null;null;null;null;null;
2015-01-27;null;null;null;null;null;null;null;null;null;null;
2015-01-28;null;null;null;null;null;null;null;null;null;null;
2015-01-29;null;null;null;null;null;null;null;null;null;null;
2015-01-30;null;null;null;null;null;null;null;null;null;null;
2015-01-31;null;null;null;null;null;null;null;null;null;null;
2015-02-01;null;null;null;null;null;null;null;null;null;null;
2015-02-02;null;null;null;null;null;null;null;null;null;null;
2015-02-03;null;null;null;null;null;null;null;null;null;null;
2015-02-04;null;null;null;null;null;null;null;null;null;null;
2015-02-05;null;null;null;null;null;null;null;null;null;null;
2015-02-06;null;null;null;null;null;null;null;null;null;null;
2015-02-07;null;null;null;null;null;null;null;null;null;null;
2015-02-08;null;null;null;null;null;null;null;null;null;null;
2015-02-09;null;null;null;null;null;null;null;null;null;null;
2015-02-10;null;null;null;null;null;null;null;null;null;null;
2015-02-11;null;null;null;null;null;null;null;null;null;null;
2015-02-12;null;null;null;null;null;null;null;null;null;null;
2015-02-13;null;null;null;null;null;null;null;null;null;null;
2015-02-14;null;null;null;null;null;null;null;null;null;null;
2015-02-15;null;null;null;null;null;null;null;null;null;null;
2015-02-16;null;null;null;null;null;null;null;null;null;null;
2015-02-17;null;null;null;null;null;null;null;null;null;null;
2015-02-18;null;null;null;null;null;null;null;null;null;null;
2015-02-19;null;null;null;null;null;null;null;null;null;null;
2015-02-20;null;null;null;null;null;null;null;null;null;null;
2015-02-21;null;null;null;null;null;null;null;null;null;null;
2015-02-22;null;null;null;null;null;null;null;null;null;null;
2015-02-23;null;null;null;null;null;null;null;null;null;null;
2015-02-24;null;null;null;null;null;null;null;null;null;null;
2015-02-25;null;null;null;null;null;null;null;null;null;null;
2015-02-26;null;null;null;null;null;null;null;null;null;null;
2015-02-27;null;null;null;null;null;null;null;null;null;null;
2015-02-28;null;null;null;null;null;null;null;null;null;null;
2015-03-01;null;null;null;null;null;null;null;null;null;null;
2015-03-02;null;null;null;null;null;null;null;null;null;null;
2015-03-03;null;null;null;null;null;null;null;null;null;null;
2015-03-04;null;null;null;null;null;null;null;null;null;null;
2015-03-05;null;null;null;null;null;null;null;null;null;null;
2015-03-06;null;null;null;null;null;null;null;null;null;null;
2015-03-07;null;null;null;null;null;null;null;null;null;null;
2015-03-08;null;null;null;null;null;null;null;null;null;null;
2015-03-09;null;null;null;null;null;null;null;null;null;null;
2015-03-10;null;null;null;null;null;null;null;null;null;null;
2015-03-11;null;null;null;null;null;null;null;null;null;null;
2015-03-12;null;null;null;null;null;null;null;null;null;null;
2015-03-13;null;null;null;null;null;null;null;null;null;null;
2015-03-14;null;null;null;null;null;null;null;null;null;null;
2015-03-15;null;null;null;null;null;null;null;null;null;null;
2015-03-16;null;null;null;null;null;null;null;null;null;null;
2015-03-17;null;null;null;null;null;null;null;null;null;null;
2015-03-18;null;null;null;null;null;null;null;null;null;null;
2015-03-19;null;null;null;null;null;null;null;null;null;null;
2015-03-20;null;null;null;null;null;null;null;null;null;null;
2015-03-21;null;null;null;null;null;null;null;null;null;null;
2015-03-22;null;null;null;null;null;null;null;null;null;null;
2015-03-23;null;null;null;null;null;null;null;null;null;null;
2015-03-24;null;null;null;null;null;null;null;null;null;null;
2015-03-25;null;null;null;null;null;null;null;null;null;null;
2015-03-26;null;null;null;null;null;null;null;null;null;null;
2015-03-27;null;null;null;null;null;null;null;null;null;null;
2015-03-28;null;null;null;null;null;null;null;null;null;null;
2015-03-29;null;null;null;null;null;null;null;null;null;null;
2015-03-30;null;null;null;null;null;null;null;null;null;null;
2015-03-31;null;null;null;null;null;null;null;null;null;null;
2015-04-01;null;null;null;null;null;null;null;null;null;null;
2015-04-02;null;null;null;null;null;null;null;null;null;null;
2015-04-03;null;null;null;null;null;null;null;null;null;null;
2015-04-04;null;null;null;null;null;null;null;null;null;null;
2015-04-05;null;null;null;null;null;null;null;null;null;null;
2015-04-06;null;null;null;null;null;null;null;null;null;null;
2015-04-07;null;null;null;null;null;null;null;null;null;null;
2015-04-08;null;null;null;null;null;null;null;null;null;null;
2015-04-09;null;null;null;null;null;null;null;null;null;null;
2015-04-10;null;null;null;null;null;null;null;null;null;null;
2015-04-11;null;null;null;null;null;null;null;null;null;null;
2015-04-12;null;null;null;null;null;null;null;null;null;null;
2015-04-13;null;null;null;null;null;null;null;null;null;null;
2015-04-14;null;null;null;null;null;null;null;null;null;null;
2015-04-15;null;null;null;null;null;null;null;null;null;null;
2015-04-16;null;null;null;null;null;null;null;null;null;null;
2015-04-17;null;null;null;null;null;null;null;null;null;null;
2015-04-18;null;null;null;null;null;null;null;null;null;null;
2015-04-19;null;null;null;null;null;null;null;null;null;null;
2015-04-20;null;null;null;null;null;null;null;null;null;null;
2015-04-21;null;null;null;null;null;null;null;null;null;null;
2015-04-22;null;null;null;null;null;null;null;null;null;null;
2015-04-23;null;null;null;null;null;null;null;null;null;null;
2015-04-24;null;null;null;null;null;null;null;null;null;null;
2015-04-25;null;null;null;null;null;null;null;null;null;null;
2015-04-26;null;null;null;null;null;null;null;null;null;null;
2015-04-27;null;null;null;null;null;null;null;null;null;null;
2015-04-28;null;null;null;null;null;null;null;null;null;null;
2015-04-29;null;null;null;null;null;null;null;null;null;null;
2015-04-30;null;null;null;null;null;null;null;null;null;null;
2015-05-01;null;null;null;null;null;null;null;null;null;null;
2015-05-02;null;null;null;null;null;null;null;null;null;null;
2015-05-03;null;null;null;null;null;null;null;92;5,2;null;
2015-05-04;null;918,578261;17,808696;26,8;20,66087;16,7;84,782609;61;6,8;1,895652;
2015-05-05;null;null;null;null;null;16,8;null;53;8,8;null;
2015-05-06;null;null;null;null;null;null;null;null;null;null;
2015-05-07;null;null;null;null;null;null;null;null;null;null;
2015-05-08;null;null;null;null;null;null;null;null;null;null;
2015-05-09;null;null;null;null;null;null;null;null;null;null;
2015-05-10;null;null;null;null;null;null;null;null;null;null;
2015-05-11;null;null;null;null;null;null;null;null;null;null;
2015-05-12;null;null;null;null;null;null;null;null;null;null;
2015-05-13;null;null;null;null;null;null;null;null;null;null;
2015-05-14;null;null;null;null;null;null;null;null;null;null;
2015-05-15;null;null;null;null;null;null;null;null;null;null;
2015-05-16;null;null;null;null;null;null;null;null;null;null;
2015-05-17;null;null;null;null;null;null;null;null;null;null;
2015-05-18;null;null;null;null;null;null;null;null;null;null;
2015-05-19;null;null;null;null;null;null;null;null;null;null;
2015-05-20;null;null;null;null;null;null;null;null;null;null;
2015-05-21;null;null;null;null;null;null;null;null;null;null;
2015-05-22;null;null;null;null;null;null;null;null;null;null;
2015-05-23;null;null;null;null;null;null;null;null;null;null;
2015-05-24;null;null;null;null;null;null;null;null;null;null;
2015-05-25;null;null;null;null;null;null;null;null;null;null;
2015-05-26;null;null;null;null;null;null;null;null;null;null;
2015-05-27;null;null;null;null;null;null;null;null;null;null;
2015-05-28;null;null;null;null;null;null;null;60;6,9;null;
2015-05-29;null;916,458333;14,004167;28,8;20,7125;14,4;70,541667;30;7,6;2;
2015-05-30;0;917,6125;16,145833;27,3;20,116667;13,8;80,041667;51;9;1,825;
2015-05-31;0;919,4125;16,895833;26,8;20,55;17,1;81,458333;50;7,9;2,4625;
2015-06-01;,2;919,6375;15,8875;26;20,65;17,8;76,541667;46;7,9;2,329167;
2015-06-02;0;919,641667;15,7875;25;19,708333;16;79,791667;54;9,3;2,5875;
2015-06-03;null;null;null;null;null;15,7;84,692308;51;8,8;null;
2015-06-04;null;null;null;null;null;null;null;79;7;null;
2015-06-05;null;null;null;null;null;null;null;null;null;null;
2015-06-06;null;null;null;null;null;null;null;null;null;null;
2015-06-07;null;null;null;null;null;null;null;null;null;null;
2015-06-08;null;null;null;null;null;null;null;null;null;null;
2015-06-09;null;null;null;null;null;null;null;null;null;null;
2015-06-10;null;null;null;null;null;null;null;null;null;null;
2015-06-11;null;null;null;null;null;null;null;null;null;null;
2015-06-12;null;null;null;null;null;null;null;null;null;null;
2015-06-13;null;null;null;null;null;null;null;null;null;null;
2015-06-14;null;null;null;null;null;null;null;null;null;null;
2015-06-15;null;null;null;null;null;null;null;null;null;null;
2015-06-16;null;null;null;null;null;null;null;null;null;null;
2015-06-17;null;null;null;null;null;null;null;null;null;null;
2015-06-18;null;null;null;null;null;null;null;null;null;null;
2015-06-19;null;null;null;null;null;null;null;null;null;null;
2015-06-20;null;null;null;null;null;null;null;null;null;null;
2015-06-21;null;null;null;null;null;null;null;null;null;null;
2015-06-22;null;null;null;null;null;null;null;null;null;null;
2015-06-23;null;null;null;null;null;null;null;null;null;null;
2015-06-24;null;null;null;null;null;null;null;null;null;null;
2015-06-25;null;null;null;null;null;null;null;null;null;null;
2015-06-26;null;null;null;null;null;null;null;null;null;null;
2015-06-27;null;null;null;null;null;null;null;null;null;null;
2015-06-28;null;null;null;null;null;null;null;null;null;null;
2015-06-29;null;null;null;null;null;null;null;null;null;null;
2015-06-30;null;null;null;null;null;null;null;null;null;null;
2015-07-01;null;null;null;null;null;null;null;null;null;null;
2015-07-02;null;null;null;null;null;null;null;null;null;null;
2015-07-03;null;null;null;null;null;null;null;null;null;null;
2015-07-04;null;null;null;null;null;null;null;null;null;null;
2015-07-05;null;null;null;null;null;null;null;null;null;null;
2015-07-06;null;null;null;null;null;null;null;null;null;null;
2015-07-07;null;null;null;null;null;null;null;null;null;null;
2015-07-08;null;null;null;null;null;null;null;null;null;null;
2015-07-09;null;null;null;null;null;null;null;null;null;null;
2015-07-10;null;null;null;null;null;null;null;null;null;null;
2015-07-11;null;null;null;null;null;null;null;null;null;null;
2015-07-12;null;null;null;null;null;null;null;null;null;null;
2015-07-13;null;null;null;null;null;null;null;null;null;null;
2015-07-14;null;null;null;null;null;null;null;null;null;null;
2015-07-15;null;null;null;null;null;null;null;null;null;null;
2015-07-16;null;null;null;null;null;null;null;71;4,2;null;
2015-07-17;null;922,983333;15,333333;21,6;16,816667;13,7;91,208333;69;12;2,9625;
2015-07-18;3;922,825;14,545833;22,9;17,154167;14,3;85,833333;55;10,4;3,029167;
2015-07-19;2,8;922,470833;15,379167;21,9;17,2125;15,6;89,875;59;9,7;2,641667;
2015-07-20;1,6;921,891667;13,775;23;16,6125;10,9;84,75;58;9;2,479167;
2015-07-21;0;920,7;13,833333;23;17,616667;13,9;80,25;54;6,9;1,795833;
2015-07-22;,2;920,9625;13,591667;23,4;16,875;10,2;82,333333;53;9,9;1,920833;
2015-07-23;0;922,475;15,391667;23;17,6375;15,6;87,041667;64;9,5;3,016667;
2015-07-24;,6;922,358333;14,5375;23,6;17,754167;14,1;83,041667;55;9,8;2,866667;
2015-07-25;,2;921,191667;14,925;24,9;18,5375;15,3;81,375;51;7,5;2,158333;
2015-07-26;0;920,383333;15,166667;26,3;18,666667;14,5;82,208333;47;8,3;2,016667;
2015-07-27;0;920,283333;15,070833;25,2;18,5875;13,6;81,625;45;9;2,1125;
2015-07-28;0;920,8625;15,2375;25;18,5125;13,6;82,833333;52;10,4;2,841667;
2015-07-29;0;922,008333;15,2375;23,4;18,479167;14,7;82,291667;58;10,1;2,816667;
2015-07-30;,4;922,495833;14,375;25,2;18,325;12,8;80,166667;45;11,9;2,579167;
2015-07-31;,2;922,216667;14,325;24;17,575;12,7;83,041667;47;9,9;2,529167;
2015-08-01;,4;921,758333;14,0375;23,3;17,45;11,8;81,958333;53;10,6;3,116667;
2015-08-02;0;921,170833;13,0875;22,2;16,691667;12,2;80,708333;56;10;2,920833;
2015-08-03;,2;921,716667;12,85;23,8;16,425;8,9;81,291667;49;7,4;1,7875;
2015-08-04;0;921,525;10,116667;25,1;17,245833;10,8;68,291667;30;9,6;2,245833;
2015-08-05;0;921,2;12,479167;26;17,516667;8,9;75,291667;39;8,6;2,670833;
2015-08-06;0;920,658333;14,504167;25,7;18,470833;13,2;79,5;49;8,7;2,4125;
2015-08-07;0;920,275;13,029167;24,4;18,141667;13,7;75,208333;42;8,8;2,675;
2015-08-08;0;920,6625;12,541667;23,4;17,5;13,3;75,041667;46;11,1;2,9375;
2015-08-09;,4;921,2375;14,579167;21,2;16,229167;12,1;90,083333;70;7,8;2,3125;
2015-08-10;5;922,791667;15,391667;19,9;16,25;14,2;94,666667;81;10,4;3,508333;
2015-08-11;6,2;923,4;13,6;21,2;16,120833;13,3;86,083333;58;11,3;3,775;
2015-08-12;1,2;922,941667;12,8125;20,4;15,145833;11,4;86,583333;65;11,2;2,995833;
2015-08-13;1;922,958333;13,691667;20,2;15,3625;12,5;90,25;67;10;2,741667;
2015-08-14;2;922,883333;14,3375;21,4;17,133333;13,9;84,75;62;10,4;3,004167;
2015-08-15;1,6;922,516667;16,620833;20;17,2;15,5;96,416667;87;7,3;2,8;
2015-08-16;11,6;922,920833;14,570833;22,7;17,770833;15;83,166667;48;11,2;3,258333;
2015-08-17;1,8;922,420833;15,616667;20,3;16,454167;13,5;94,916667;85;9,7;2,570833;
2015-08-18;6,4;921,354167;16,4125;21;17,15;14,5;95,458333;82;10;2,204167;
2015-08-19;7,2;920,029167;15,9625;22;17,683333;15,4;90,25;70;7,5;2,375;
2015-08-20;,6;918,066667;15,170833;26,8;18,925;14;82,041667;42;6,6;1,829167;
2015-08-21;0;919,116667;15,3;24,4;18,783333;13,2;81,708333;56;9,3;2,370833;
2015-08-22;0;918,733333;15,825;22,2;18,091667;15,3;87,291667;62;7,3;2,504167;
2015-08-23;0;918,05;15,25;25,2;19,004167;15,8;80,791667;51;9;2,475;
2015-08-24;,2;917,691667;14,095833;26,7;19,479167;14,4;74,208333;39;9,2;2,470833;
2015-08-25;,2;919,154167;14,0625;24,2;17,7;11,1;81,666667;49;10;2,316667;
2015-08-26;0;919,141667;14,645833;27,6;19,379167;12,1;76,916667;34;9,5;1,908333;
2015-08-27;0;918,904167;15,470833;26,5;19,779167;15;78,708333;46;7,6;2,154167;
2015-08-28;0;919,770833;15,1625;26,8;20,629167;16;73,916667;40;9,2;2,858333;
2015-08-29;,2;921,829167;15,516667;23,3;18,554167;12,9;83,75;57;8,9;2,704167;
2015-08-30;0;922,241667;15,525;25;19,254167;15,5;80,583333;54;9,9;2,6;
2015-08-31;0;921,6375;14,158333;25,1;18,8875;14,5;76,583333;43;10,5;2,420833;
2015-09-01;0;920,0625;11,279167;28;19,1875;8,7;64,208333;30;7,3;1,9625;
2015-09-02;0;919,2875;12,375;25,5;19,141667;11;68,666667;29;13,4;3,116667;
2015-09-03;0;919,8375;14,4875;26,9;19,658333;14,2;74,416667;43;8;2,3875;
2015-09-04;0;918,183333;11,9625;32,2;21,920833;13,5;61,958333;16;7,3;2,125;
2015-09-05;0;917,304167;11,0375;33,6;24,379167;18,5;47,333333;18;10,9;3,1625;
2015-09-06;0;918,829167;15,929167;28,3;21,725;17,4;71,25;42;9,3;2,9375;
2015-09-07;0;917,9;14,35;30;21,370833;14,7;69,791667;30;10,2;2,754167;
2015-09-08;0;917,258333;13,329167;28,9;21,154167;15,2;65,833333;28;10,7;3,5375;
2015-09-09;,2;917,116667;14,8375;30,1;21,720833;15,5;69,833333;30;9,4;2,895833;
2015-09-10;0;918,220833;15,316667;29,4;21,179167;14,9;73;36;10,6;2,5875;
2015-09-11;0;917,533333;13,5875;30,9;21,445833;14;67;23;10,3;2,870833;
2015-09-12;0;917,691667;16,008333;30,6;21,958333;15,9;72,333333;36;8,7;2,775;
2015-09-13;0;918,8875;15,75;28,8;21,975;17,4;70,333333;40;9,2;2,570833;
2015-09-14;0;920,675;15,420833;26,7;20,883333;17;73,041667;47;9,4;3,108333;
2015-09-15;0;921,8875;15,1125;26,1;19,8;15,6;75,666667;52;11,5;3,308333;
2015-09-16;0;921,029167;14,4;26,5;19,575;14;74,416667;45;9,8;3,229167;
2015-09-17;0;920,116667;14,229167;26,6;20,091667;14;72,166667;40;9,9;2,504167;
2015-09-18;0;919,908333;13,35;27,6;20,691667;16,4;66,333333;36;8,8;2,6125;
2015-09-19;0;919,833333;14,279167;29,1;20,716667;14,3;70,541667;29;9,3;3,183333;
2015-09-20;0;919,5625;16,095833;26,7;20,508333;17;76,958333;54;9,1;2,733333;
2015-09-21;0;919,0625;14,641667;27,7;20,425;13,6;72,375;41;9,1;2,8375;
2015-09-22;0;918,6375;11,625;29,3;20,625;12,8;63,541667;21;8,6;2,695833;
2015-09-23;0;917,6875;12,479167;32;21,958333;14,4;61,875;21;10,1;3,366667;
2015-09-24;0;918,145833;14,041667;31,5;22,2;15,6;64,833333;28;9,1;3,420833;
2015-09-25;0;918,045833;14,116667;31,6;22,45;16;64,583333;27;9,2;3,225;
2015-09-26;0;917,4125;13,141667;30,7;22,045833;15;63,583333;25;11,3;2,975;
2015-09-27;,2;918,279167;14,095833;28,3;20,758333;12,9;69,541667;39;10;2,629167;
2015-09-28;0;916,770833;12,966667;31,1;21,258333;14;64,458333;25;9;2,891667;
2015-09-29;0;916,1625;13,408333;31,4;22,1;15,2;64,25;21;10,6;3,8625;
2015-09-30;0;917,045833;14,204167;30;21,5;13,6;67,083333;33;11,6;3,516667;
2015-10-01;0;917,725;14,25;29,7;21,85;16,2;66,416667;29;9,3;2,65;
2015-10-02;0;918,054167;13,395833;28,5;20,975;15,3;66,5;32;11,5;3,091667;
2015-10-03;0;917,591667;12,145833;30,4;21,783333;15;58,75;30;9,8;3,1875;
2015-10-04;0;916,779167;12,358333;33,5;23,658333;15,3;56,875;17;8,9;2,8125;
2015-10-05;0;916,170833;14,804167;32,9;24,479167;18,3;57,333333;32;10,2;2,575;
2015-10-06;0;919,633333;16,575;26,9;21,216667;18,2;76,125;49;9,8;3,5;
2015-10-07;,6;919,329167;17,175;25,9;20,025;17,3;85,291667;54;9,5;2,995833;
2015-10-08;0;919,45;13,441667;26,8;20,054167;16,3;68,75;37;9,8;3,2375;
2015-10-09;0;919,104167;12,2;29,6;20,616667;12,1;64,041667;31;10,1;3,033333;
2015-10-10;0;919,35;12,395833;30,9;21,616667;11,4;63,083333;22;9,6;2,229167;
2015-10-11;,4;919,2625;14,945833;28,9;21,3;17,1;70,416667;33;10,4;3,175;
2015-10-12;,2;919,675;12,875;28,1;20,045833;12,3;67,708333;34;10,7;2,85;
2015-10-13;0;919,9375;12,625;29,9;21,304167;13,3;63,75;23;9,1;2,858333;
2015-10-14;0;919,979167;15,166667;29,5;21,9125;15,1;69,166667;36;10,5;2,8375;
2015-10-15;0;919,491667;15,808333;30,7;22,558333;17,5;69,333333;35;10,1;3,125;
2015-10-16;0;919,608333;13,983333;31,8;22,616667;13,6;63,291667;28;8,6;2,991667;
2015-10-17;0;918,754167;12,2;32,1;22,758333;15,3;59,25;17;10,1;2,479167;
2015-10-18;0;919,320833;12,6625;30;22,083333;12,9;60,416667;28;11,3;2,7625;
2015-10-19;0;920,2125;14,845833;27,9;21,695833;17,1;66,75;41;9,9;3,1;
2015-10-20;0;919,179167;16,504167;29,1;22,5125;17,5;71,083333;43;8,3;2,554167;
2015-10-21;0;916,741667;15,991667;33;24,05;17,8;65,208333;32;8,8;1,9;
2015-10-22;0;915,483333;14,583333;33,2;23,833333;16;63,541667;21;8,5;3,075;
2015-10-23;0;916,108333;16,033333;31,4;23,345833;17,2;67,291667;35;9,6;2,691667;
2015-10-24;0;917,654167;15,879167;31,5;23,716667;17;65,5;29;9,2;2,7375;
2015-10-25;0;918,85;15,016667;30,4;22,966667;16,7;64,708333;33;12,1;2,9875;
2015-10-26;0;919,666667;16,166667;28,1;21,641667;15,8;72,75;50;9,6;2,908333;
2015-10-27;0;918,4125;16,0125;30,8;23,404167;19,1;66,291667;32;10,2;3,279167;
2015-10-28;0;916,779167;14,8625;32,3;23,225;17,6;63,291667;28;8,9;2,7;
2015-10-29;0;915,854167;15,983333;30,2;23,2625;16,9;65,916667;39;9;2,4375;
2015-10-30;21,6;917,354167;18,791667;24,8;20,708333;18,3;89,208333;62;8,6;2,4375;
2015-10-31;,8;917,570833;16,4875;27,6;21,733333;17,6;74,291667;46;9,6;2,841667;
2015-11-01;0;917,145833;15,616667;29,9;22,208333;15,9;69,625;33;10,5;3,154167;
2015-11-02;0;917,358333;14,366667;29,8;22,1125;15,9;65,833333;32;10,4;3,0875;
2015-11-03;0;918,008333;14,595833;30,4;21,758333;13,4;68,333333;32;10,1;2,754167;
2015-11-04;0;918,058333;14,133333;30,9;22,9;15,5;62,708333;26;10,6;3,083333;
2015-11-05;0;916,066667;11,695833;32,9;23,491667;14,7;53,666667;20;9;2,720833;
2015-11-06;0;915,545833;14,079167;34;24,995833;17,9;55,5;22;10,7;2,654167;
2015-11-07;0;916,8375;14,895833;30,5;23,579167;18,3;62,958333;29;10,6;3,083333;
2015-11-08;0;918,329167;14,4625;29,6;22,116667;16;65,416667;36;11;3,191667;
2015-11-09;0;919,454167;13,566667;29,8;21,6125;13,8;64,25;33;10,3;3,1875;
2015-11-10;,4;919,908333;14,933333;29,4;22,129167;16,3;66,875;38;11,7;3,429167;
2015-11-11;,2;918,045833;15,916667;30,4;22,208333;14,4;70,875;37;9,2;2,504167;
2015-11-12;0;915,1875;16,2625;32,8;24,158333;17,5;66,5;30;9,3;2,429167;
2015-11-13;0;914,525;15,370833;34,4;25,866667;17,5;56,333333;27;8,5;2,5625;
2015-11-14;0;915,479167;15,491667;34,9;25,804167;19,6;57,625;27;8,6;2,416667;
2015-11-15;0;915,533333;17,420833;32,3;24,8;19;66,333333;36;9,4;2,375;
2015-11-16;0;914,929167;17,545833;32,5;24,854167;19,4;66,333333;37;9,9;1,9875;
2015-11-17;0;914,170833;15,558333;33,7;25,045833;18,2;60,791667;23;8,3;2,5375;
2015-11-18;0;912,983333;13,520833;33,9;25,4;18,6;55,166667;17;11,4;2,6625;
2015-11-19;0;912,5625;12,908333;33,2;24,841667;18,4;51,791667;21;8,2;2,2125;
2015-11-20;0;912,758333;16,2375;32,6;24,666667;18;61,833333;34;9,3;2,754167;
2015-11-21;3;915,0875;18,195833;33,9;24,645833;19,7;69,833333;34;9,2;2,1125;
2015-11-22;,6;915,45;19,154167;27,8;23,133333;21;79,125;59;9,6;2,145833;
2015-11-23;0;913,354167;18,775;32,7;24,754167;20,7;71,916667;37;8,3;2,075;
2015-11-24;0;912,3625;18,4375;33,3;24,841667;19,5;70,416667;36;11,5;2,4;
2015-11-25;0;913,466667;18,608333;34,9;25,791667;21,2;67,375;31;12,5;2,404167;
2015-11-26;7;914,379167;17,583333;33,1;24,6875;18,1;68,875;35;13,9;2,15;
2015-11-27;39,2;916,016667;18,741667;27,4;21,970833;16,7;82,666667;59;12,2;3,241667;
2015-11-28;0;916,341667;17,6625;28,3;22,2875;18,2;76,625;53;8,9;2,779167;
2015-11-29;0;916,933333;18,404167;31,3;23,8625;19;73,791667;41;8,1;2,35;
2015-11-30;2,8;917,504167;16,508333;31,4;24,979167;18,3;61,666667;39;8,1;2,7375;
2015-12-01;0;917,945833;15,2125;32,3;24,570833;16,8;60,375;29;8,5;2,841667;
2015-12-02;0;917,216667;14,5375;33,3;24,1625;15,8;60,708333;24;15,1;2,241667;
2015-12-03;0;915,558333;14,695833;34,3;25,6;16,2;56,166667;27;7,8;1,8125;
2015-12-04;0;914,5;17,145833;33,2;26,191667;20;59,208333;38;10,5;2,283333;
2015-12-05;0;914,5375;16,333333;35,1;27,279167;20,5;55,416667;27;10,1;2,775;
2015-12-06;0;916,404167;19,0625;28,1;22,5625;19,4;81,541667;52;17,3;1,429167;
2015-12-07;53,8;916,191667;18,204167;33,5;24,820833;18,1;70,916667;28;8,9;2,058333;
2015-12-08;0;916,666667;15,55;31,7;24,658333;17,9;61,833333;24;12,6;2,904167;
2015-12-09;,2;918,304167;13,225;32,3;23,058333;15,1;61;18;9,3;2,466667;
2015-12-10;0;917,4;13,391667;32,5;23,4625;14,2;59,916667;24;8,4;2,15;
2015-12-11;0;917,054167;10,779167;33,4;25,2625;17,5;45,041667;19;9,3;2,8375;
2015-12-12;0;917,370833;14,041667;31,9;23,820833;16,4;58,541667;29;10,3;2,841667;
2015-12-13;0;917,491667;15,425;31,7;24,158333;17,4;63,041667;29;10,3;2,875;
2015-12-14;0;917,679167;15,720833;30,3;23,579167;16,8;64,958333;33;9,8;2,95;
2015-12-15;0;917,7375;15,933333;29;22,279167;14,4;69,666667;42;8,5;2,55;
2015-12-16;0;916,854167;14,1375;31,9;23,425;14,4;61,125;28;10,7;2,533333;
2015-12-17;0;917,270833;15,775;31;23,808333;17,2;63,541667;36;9,7;2,866667;
2015-12-18;0;917,6625;15,704167;30,7;23,445833;16,6;64,708333;37;10;2,8;
2015-12-19;0;918,104167;14,470833;29,9;22,433333;16,2;63,25;36;10,8;2,891667;
2015-12-20;0;917,8;14,595833;31,3;23,045833;14,9;63,541667;30;9,7;2,8375;
2015-12-21;0;917,808333;16,345833;30,4;23,466667;17,9;67,166667;35;11,7;3,208333;
2015-12-22;0;918,370833;16,483333;27,7;22,154167;16;71,875;48;11,7;3,066667;
2015-12-23;0;918,541667;14,629167;30;23,216667;17,8;61,5;30;10,4;3,425;
2015-12-24;0;918,991667;15,754167;30,3;22,745833;16;67,458333;33;10,1;3,116667;
2015-12-25;0;918,658333;15,154167;32,4;23,45;15,6;64,333333;27;9,8;2,6875;
2015-12-26;,4;917,270833;14,945833;32,1;24,3875;17,5;59,416667;28;10,9;3,383333;
2015-12-27;0;917,445833;15,775;30,1;23,891667;19,4;63,041667;36;12,1;2,6875;
2015-12-28;0;918,129167;15,591667;30,2;23,75;18;62,625;36;8,9;2,3125;
2015-12-29;0;919,716667;17,0625;30;23,0375;17,6;71,416667;43;10,5;2,654167;
2015-12-30;0;919,516667;16,691667;32,2;24,475;18,8;66;31;13,8;2,595833;
2015-12-31;0;917,379167;15,3;31,7;23,95;15,9;63,583333;30;7,7;2,508333;
2016-01-01;0;915,245833;16,808333;34,3;25,570833;18,2;62,708333;30;8;2,420833;
2016-01-02;0;914,475;12,929167;36,9;27,570833;18,3;44,416667;20;8,7;2,420833;
2016-01-03;0;914,183333;16,008333;36,1;26,958333;20;55,833333;25;10,7;2,508333;
2016-01-04;5,6;915,691667;18,2875;29,6;22,966667;19,4;76,333333;49;9,2;2,183333;
2016-01-05;13,8;917,408333;18,704167;25,3;20,5125;18;89,833333;71;7,4;1,929167;
2016-01-06;,8;916,816667;17,654167;27,3;21,979167;18;78,041667;52;7,1;1,820833;
2016-01-07;,2;915,225;19,0875;30,5;23,416667;19,6;78,291667;46;11,9;2,05;
2016-01-08;47,6;916,629167;19,704167;25,6;21,629167;19,5;89,291667;69;10;2,295833;
2016-01-09;,4;917,770833;18,945833;29,3;22,183333;17,9;83,208333;50;10,8;2,5125;
2016-01-10;1,4;918,0375;18,016667;29,4;23,283333;17,5;74,708333;47;8,6;2,645833;
2016-01-11;0;917,366667;18,320833;30,6;23,933333;18,8;73,541667;40;8,7;2,154167;
2016-01-12;0;915,883333;18,904167;29,9;23,725;19,2;75,916667;47;9,1;2,4;
2016-01-13;0;915,325;20,2125;26;23,325;20,4;83,083333;68;7,3;1,483333;
2016-01-14;8,6;915,925;19,591667;29,6;23,266667;19,7;81,375;54;11,6;2,058333;
2016-01-15;6,4;916,241667;19,241667;28,7;22,966667;19,1;80,875;55;10,5;2,375;
2016-01-16;0;914,583333;20,05;29,6;23,9;20,8;80,375;55;7,7;1,633333;
2016-01-17;23,8;915,341667;19,275;27,4;22,129167;18,6;85,083333;59;7,7;1,795833;
2016-01-18;0;915,045833;20,070833;25,1;21,858333;20,7;89,791667;70;9,9;1,558333;
2016-01-19;4,2;914,3625;19,6375;27,2;22,0375;20,1;86,583333;67;10;2,133333;
2016-01-20;18,4;914,2875;19,420833;22,1;20,504167;19,4;93,625;88;9,4;2,258333;
2016-01-21;12,8;913,95;19,495833;23,9;20,5375;19,1;93,875;80;8,9;2,5875;
2016-01-22;20;914,5625;19,970833;25;21,333333;19,5;92,291667;76;7,6;2,025;
2016-01-23;21,2;916,166667;19,754167;24,4;21,141667;19,1;91,916667;79;11,9;2,966667;
2016-01-24;14,2;916,85;20,633333;28,1;22,5625;20;89,25;65;9,9;2,008333;
2016-01-25;3,8;917,508333;20,366667;30;23,35;19,9;84,708333;55;7,9;2,008333;
2016-01-26;5,4;916,758333;20,354167;26,3;22,354167;20,6;88,916667;67;7;1,8875;
2016-01-27;,2;916,125;19,4375;28,7;23,158333;19,7;81,125;54;8,5;2,216667;
2016-01-28;0;917,5125;19,020833;26,4;22,191667;19,7;82,958333;61;12,8;2,720833;
2016-01-29;5;918,820833;17,458333;28,7;21,975;16,8;77,75;47;8,7;2,558333;
2016-01-30;0;919,2625;17,8375;27,5;21,0625;16,4;83,416667;53;9,6;2,491667;
2016-01-31;2,4;919,1;17,541667;27,4;20,816667;16,1;83,416667;53;11,2;2,275;
2016-02-01;,4;919,066667;18,5125;28,1;22,1375;17,9;81,583333;57;7,3;1,970833;
2016-02-02;0;917,495833;17,55;28,2;22,908333;19,9;74,458333;37;7,9;2,316667;
2016-02-03;0;916,791667;17,245833;28,6;21,95;14,9;76,583333;45;8,2;2,3;
2016-02-04;0;917,175;17,904167;28,3;22,329167;17,3;77,791667;52;7;2,141667;
2016-02-05;0;918,616667;18,358333;28,2;22,2625;17,4;80;54;7,3;1,933333;
2016-02-06;,2;919,366667;17,204167;29,5;22,9375;17,5;73,291667;37;7,8;2,141667;
2016-02-07;0;918,6625;17,4375;29,2;22,654167;17;74,833333;42;7,8;2,245833;
2016-02-08;0;919,35;16,491667;28,8;22,3875;16,8;72,166667;41;8,9;2,533333;
2016-02-09;,2;920,154167;15,375;28,6;21,85;15,5;70,75;35;9,2;1,841667;
2016-02-10;0;918,691667;15,65;30,5;22,525;16;69,208333;35;6,2;1,383333;
2016-02-11;,2;916,283333;15,945833;32,1;23,891667;15,1;66,25;30;9;1,95;
2016-02-12;0;915,204167;18,066667;31,1;23,695833;19,8;72,333333;37;7,6;1,7375;
2016-02-13;0;915,979167;18,995833;27,8;22,920833;19,5;79,583333;60;7;2,225;
2016-02-14;1,6;916,491667;19,520833;26,6;22,3;20,1;85,375;59;7,6;1,525;
2016-02-15;,4;917,55;17,754167;31,1;23,279167;17,7;73,75;42;8,4;1,875;
2016-02-16;0;917,870833;14,95;31,7;23,75;15,2;63,625;24;8,6;2,354167;
2016-02-17;,2;917,491667;14,404167;30,2;22,275;14,8;65,75;28;9,4;2,579167;
2016-02-18;0;917,733333;16,666667;27,3;20,529167;13,8;79,416667;53;8,6;1,745833;
2016-02-19;,2;917,525;17,045833;27,7;21,233333;15,5;78,916667;47;12,8;2,320833;
2016-02-20;0;917,441667;17,7375;30,3;22,5625;16,9;76,833333;43;8,2;2;
2016-02-21;0;916,891667;17,304167;30,3;23,2;17,2;72,458333;41;8,6;2,5875;
2016-02-22;0;917,35;15,970833;30;22,933333;16,3;68,416667;36;10,2;2,604167;
2016-02-23;,2;918,695833;17,404167;29,2;22,054167;15,8;76,75;49;8,5;2,429167;
2016-02-24;0;917,8375;16,495833;30,1;22,854167;15,4;70,708333;38;8,2;2,370833;
2016-02-25;0;916,554167;15,716667;32,7;24,229167;17,6;64,208333;30;8,7;2,558333;
2016-02-26;0;916,775;17,2;31,2;23,9125;18,1;68,958333;41;9,4;3,270833;
2016-02-27;0;918,3625;17,670833;30,6;23,395833;18,5;72,791667;43;9,3;2,354167;
2016-02-28;0;917,854167;16,108333;31,1;23,291667;16;68,291667;38;8,8;2,233333;
2016-02-29;,2;917,229167;16,95;31,7;24,104167;17,4;68,166667;37;8,9;2,183333;
2016-03-01;0;918,020833;17,0125;31,1;23,779167;17,6;69,541667;34;10,6;2,4625;
2016-03-02;0;917,945833;17,5;28,1;21,3375;15;80,458333;47;9,5;2,245833;
2016-03-03;3,4;917,041667;15,966667;31;23,329167;16,8;67,375;32;7,4;1,891667;
2016-03-04;0;916,091667;17,7;31,8;23,958333;18,6;71,166667;35;9,2;2,554167;
2016-03-05;0;916,791667;18,604167;31,6;24,1125;19,5;73,083333;42;8,1;2,204167;
2016-03-06;0;917,558333;18,454167;30,5;24,208333;20,4;72,333333;42;9,6;2,520833;
2016-03-07;0;917,329167;16,1625;30,5;23,079167;17,4;68,833333;36;9,9;2,083333;
2016-03-08;,2;917,229167;16,5625;29,9;22,833333;15,8;71,291667;38;9;2,329167;
2016-03-09;0;917,0125;16,983333;29,3;22,1625;16,5;74,916667;42;9,1;2,375;
2016-03-10;,2;916,591667;17,166667;30,4;23,183333;17,3;71,875;43;7,8;2,0125;
2016-03-11;0;916,866667;17,1125;31,5;23,720833;18;69,291667;38;7,4;2,1;
2016-03-12;0;917,508333;16,729167;30,8;23,875;17,6;66,541667;40;7,9;2,179167;
2016-03-13;0;918,416667;17,058333;32;22,9875;16,3;72,125;38;10,9;2,575;
2016-03-14;0;919,133333;17,0375;30,4;22,383333;17,5;74,916667;37;10;2,716667;
2016-03-15;1,2;919,545833;18,029167;25,6;20,295833;16,6;87,5;61;10;2,2875;
2016-03-16;13,4;919,858333;17,345833;28,2;21,5375;16,9;79,125;49;9,3;2,4125;
2016-03-17;,4;919,379167;17,775;27,2;21,454167;18,1;81;54;10,1;2,5875;
2016-03-18;0;918,595833;17,104167;29,1;22,170833;16,1;75,375;48;7,4;2,004167;
2016-03-19;0;917,545833;17,341667;30,4;23,129167;16,8;73;33;8,7;2,220833;
2016-03-20;,2;917,529167;16,8375;30;23,341667;18,1;70,416667;38;8,7;2,358333;
2016-03-21;0;918,2625;16,9;30,4;23,25;18;71;32;8;2,3375;
2016-03-22;0;918,429167;16,8875;31,5;23,75;18,4;68,958333;37;9,4;2,054167;
2016-03-23;0;917,108333;16,125;32,1;24,195833;17,4;65,375;28;8,2;2,179167;
2016-03-24;0;916,8125;18,8375;29,7;23,533333;18,9;76,75;49;7,5;2,079167;
2016-03-25;,6;917,75;16,841667;30,6;23,054167;16,8;70,916667;38;10,2;2,491667;
2016-03-26;0;918,608333;16,941667;31,8;23,083333;15,8;72,125;36;9,1;2,345833;
2016-03-27;0;918,820833;18,108333;29,5;22,845833;19,8;76,75;43;10,4;2,629167;
2016-03-28;,8;918,3375;16,9;29,5;22,141667;16,7;74,958333;38;9,5;2,225;
2016-03-29;,2;918,991667;16,958333;29,6;22,320833;15,7;74,416667;45;7,5;2,104167;
2016-03-30;0;919,75;15,204167;31,3;23,545833;17,4;64,666667;31;10,4;2,533333;
2016-03-31;0;920,083333;16,195833;30;22,479167;16,6;70,541667;41;9;2,516667;
2016-04-01;0;918,629167;17,575;28,6;22,466667;18,2;75,958333;48;9,3;2,545833;
2016-04-02;,2;917,1625;17,820833;28,3;21,875;15,7;79,25;53;8,4;2,1;
2016-04-03;,2;917,525;18,625;29,7;22,704167;18,6;79,875;48;9,3;2,6;
2016-04-04;0;919;17,458333;30,3;23,770833;17,5;70,833333;40;9,2;2,025;
2016-04-05;0;919,404167;17,179167;29,8;23,216667;18,4;71,708333;42;10;2,804167;
2016-04-06;0;917,845833;15,720833;29,4;22,354167;16,2;69,416667;38;7,8;2,129167;
2016-04-07;0;916,520833;15,766667;30,3;23,0625;18,5;66,791667;33;6,8;1,758333;
2016-04-08;0;915,504167;15,679167;31,1;23,420833;16,6;66,125;36;7,8;1,733333;
2016-04-09;0;916;15,083333;31,3;24,141667;17,8;61,416667;30;9,8;2,1875;
2016-04-10;0;916,3;15,554167;29,8;22,8125;17,4;68,041667;32;16,3;2,45;
2016-04-11;0;917,270833;16,4;29,5;22,3375;15,7;71,791667;40;9,4;2,4625;
2016-04-12;0;918,375;18,5;25,9;21,0125;19,5;85,958333;65;12,1;2,5;
2016-04-13;2,4;918,825;16,616667;27,9;21,408333;17;76,541667;40;10,3;2,641667;
2016-04-14;0;919,254167;14,1125;29,5;21,683333;15,4;66,916667;25;9,2;2,654167;
2016-04-15;0;919,141667;15,633333;29,1;21,775;14;70,916667;39;8,5;2,454167;
2016-04-16;,2;919,5;16,733333;28,4;21,970833;16,7;74,583333;44;11,9;2,7;
2016-04-17;0;920,508333;17,266667;27,1;20,95;18,1;80,916667;47;10,5;2,816667;
2016-04-18;1,6;920,295833;16,675;28,8;21,220833;16,7;77,958333;40;11,3;2,620833;
2016-04-19;,4;919,441667;17,4875;26,2;20,1375;16,8;85,75;58;10,7;2,383333;
2016-04-20;1,8;919,166667;17,179167;25,2;19,675;16,1;86,458333;61;8,1;1,979167;
2016-04-21;,6;918,55;17,4375;26,6;20,420833;17,4;84,208333;50;9,7;2,1875;
2016-04-22;,4;918,7625;16;27,5;20,425;13,5;78,208333;49;10,1;2,15;
2016-04-23;0;918,091667;16,733333;28;21,566667;18,1;76,041667;42;8,8;2,441667;
2016-04-24;,2;917,25;17,15;26,8;21,3875;18,1;78,625;51;8,9;2,4;
2016-04-25;,2;916,120833;14,891667;30,1;22,379167;16,1;67,541667;32;8,2;2,470833;
2016-04-26;,2;915,6;14,495833;31,1;22,5375;15;66,875;27;7,5;2,216667;
2016-04-27;0;916,433333;14,433333;32,6;23,033333;16,5;63,833333;26;10,6;2,929167;
2016-04-28;0;916,5125;15,179167;30,1;22,979167;16,7;64,75;33;7,8;2,329167;
2016-04-29;0;917,195833;16,241667;26,7;19,991667;13,6;80,125;58;7,6;2,129167;
2016-04-30;0;916,841667;16,404167;29,9;22,116667;17,3;73,291667;38;7,2;1,65;
2016-05-01;0;916,870833;17,2;30,1;22,995833;17,8;72,541667;44;7,3;2,416667;
2016-05-02;,4;919,429167;18,2625;22,9;19,7875;19,1;91,083333;70;9,2;2,945833;
2016-05-03;,4;919,975;15,775;24,9;19,85;17,3;78,458333;56;9,5;3,133333;
2016-05-04;,2;919,370833;16,108333;25,8;20,3625;16,2;78,375;55;7,1;1,85;
2016-05-05;0;919,404167;15,258333;29,3;21,529167;16,1;71,375;37;6,8;2,004167;
2016-05-06;0;920,158333;14,420833;28;21,366667;16,8;67,75;32;11,5;2,670833;
2016-05-07;0;919,791667;16,208333;28,3;21,383333;17;74,958333;39;9,6;2,575;
2016-05-08;0;918,7875;14,604167;27,8;21,108333;16,5;70;38;12,4;2,6125;
2016-05-09;0;918,8875;13,158333;29,2;20,65;13,1;68,291667;24;8,7;2,416667;
2016-05-10;,2;918,879167;13,841667;28,6;20,645833;13,5;69,416667;34;8,2;2,379167;
2016-05-11;0;918,395833;13,420833;30,7;21,5625;15;64,458333;28;7,6;1,958333;
2016-05-12;0;918,641667;12,366667;29,5;21,670833;14,4;59,666667;24;8;2,120833;
2016-05-13;0;919,191667;15,408333;27,8;20,8;13,7;73,25;48;8,7;2,166667;
2016-05-14;0;920,804167;16,8125;25,8;21,170833;17,8;77,375;54;8,6;2,766667;
2016-05-15;0;921,233333;16,741667;22,5;19,125;17,2;86,333333;70;8,3;2,866667;
2016-05-16;,6;920,633333;16,991667;26,4;20,458333;17,2;82,25;52;5,9;2,041667;
2016-05-17;,2;917,675;14,4625;31,2;22,5125;16,7;66,916667;26;9,2;2,3125;
2016-05-18;0;917,425;15,358333;31,2;23,079167;17,1;65,541667;31;7,9;2,3;
2016-05-19;0;919,416667;16,845833;25,1;21,233333;18;77,125;58;7,8;2,625;
2016-05-20;0;921,1875;15,595833;27,6;20,733333;14,9;75,208333;43;10,9;2,695833;
2016-05-21;,2;920,770833;16,9875;26,6;20,441667;16,2;82,125;53;6,7;1,604167;
2016-05-22;,2;920,241667;16,1875;29;21,883333;17,5;73,25;37;9,4;1,95;
2016-05-23;0;920,1625;13,904167;29,7;21,479167;14;67,208333;30;6,9;1,1875;
2016-05-24;0;921,366667;16,4125;27,2;20,454167;15,2;79,458333;44;11,2;2,6125;
2016-05-25;1;922,8125;16,441667;20,9;17,883333;16,5;91,541667;77;11,6;3,483333;
2016-05-26;1,2;920,754167;15,429167;22,7;17,904167;15,9;86,166667;61;10;2,766667;
2016-05-27;,2;920,075;11,995833;25,6;17,5875;11,2;73,625;40;7,1;1,629167;
2016-05-28;0;921,1125;12,466667;26,1;18,783333;12,2;69,291667;41;7,9;1,891667;
2016-05-29;,2;920,25;15,895833;26,3;20,004167;15;78,625;50;8,3;1,754167;
2016-05-30;0;918,275;15,9875;27,2;20,416667;16,3;77,708333;49;6,2;1,5875;
2016-05-31;,2;917,279167;14,370833;29,1;20,945833;13,7;70,458333;35;8,1;1,6375;
2016-06-01;,2;917,125;13,054167;29,8;21,258333;13,9;66,041667;24;7,1;1,779167;
2016-06-02;0;916,666667;12,429167;30,8;22,154167;16;59,916667;23;8,6;2,116667;
2016-06-03;0;916,2625;13,175;31,9;23,4;16,7;58,5;23;8,4;2,608333;
2016-06-04;0;916,8875;14,0875;32,2;23,566667;17,2;62,208333;20;9,5;2,095833;
2016-06-05;0;917,304167;15,120833;31,7;23,225;17;64,458333;30;7,8;2,6;
2016-06-06;0;917,291667;14,579167;31,9;22,3;15,3;66,75;30;6,9;1,791667;
2016-06-07;0;916,7625;14,216667;32,8;24,616667;19,5;56,25;26;8,7;2,541667;
2016-06-08;0;917,554167;15,170833;32,2;24,854167;19,1;57,583333;30;8,2;1,941667;
2016-06-09;0;919,208333;16,45;30,8;22,766667;16,9;70,791667;37;8;1,979167;
2016-06-10;0;920,245833;16,7625;27,3;21,329167;17,5;76,791667;49;8;2,066667;
2016-06-11;0;920,070833;17,320833;28,2;22,0125;17,2;77,25;46;6,6;1,245833;
2016-06-12;0;922,3;18,320833;23,5;20,254167;19,6;88,708333;75;8,3;2,345833;
2016-06-13;1,8;923,9625;17,0125;19,8;17,866667;17,2;94,833333;85;7,7;2,783333;
2016-06-14;2,4;925,383333;13,9;18,8;16,033333;14,4;87,791667;70;10,9;3,8;
2016-06-15;0;924,766667;13;20,7;16,033333;14,5;83,041667;62;8,4;2,679167;
2016-06-16;0;923,254167;11,195833;23,1;15,925;10,4;76,291667;47;8,2;2,258333;
2016-06-17;,2;921,679167;11,575;24,9;17,375;10,8;71,458333;41;7,1;2,233333;
2016-06-18;0;921,520833;13,533333;24,9;18,641667;14,6;74,083333;48;8,1;2,495833;
2016-06-19;0;921,754167;13,945833;25,7;19,125;14,8;73,958333;41;8,7;2,045833;
2016-06-20;0;921,679167;14,920833;23,6;18,766667;14,9;79,708333;57;7,6;2,179167;
2016-06-21;,2;922,170833;12,525;24,6;18,7;14;70,958333;37;9,2;2,770833;
2016-06-22;0;922,85;14,604167;20,5;17,391667;15,6;83,916667;64;9,3;3,025;
2016-06-23;0;921,779167;14;25;18,429167;14;77,416667;47;6,9;1,829167;
2016-06-24;0;921,4875;12,225;25,3;19,116667;13;68,416667;30;10,4;2,9375;
2016-06-25;1,6;922,854167;15,641667;19,1;16,7125;15,7;93,458333;69;11,2;3,429167;
2016-06-26;3,4;923,4625;12,8375;22,3;17,058333;14;78,416667;49;12,4;4,375;
2016-06-27;,4;924,054167;14,870833;19,1;15,983333;14,2;93,166667;77;9;3,033333;
2016-06-28;4;923,608333;15,95;21,3;16,829167;15,2;94,791667;76;10;2,8125;
2016-06-29;2,6;923,183333;15,595833;23,3;17,6125;14,5;88,75;63;9,1;2,741667;
2016-06-30;1,8;923,045833;15,325;24,2;18,670833;14,9;82,416667;53;11,9;3,129167;
2016-07-01;,2;923,058333;14,325;23;17,5625;13,5;82,625;51;11;2,929167;
2016-07-02;2;923,3375;15,366667;22,6;18,104167;14,9;85,041667;62;12;2,908333;
2016-07-03;2,8;923,420833;15,354167;21,8;17,2375;14,6;88,916667;71;9,6;2,870833;
2016-07-04;4,2;923,391667;16,116667;24,3;18,6625;16,1;86,458333;51;9,8;2,495833;
2016-07-05;4,4;922,970833;15,258333;21,5;17,316667;15,4;88,333333;63;13,2;2,825;
2016-07-06;1,2;921,975;14,6625;24,6;17,8875;14,2;83,041667;49;6,9;2,0125;
2016-07-07;0;920,8125;14,5375;26,6;19,358333;14,2;77,083333;38;7,3;1,666667;
2016-07-08;0;921,354167;13,183333;26,9;20,1875;13,8;68,125;33;9,2;2,425;
2016-07-09;0;922,7625;15,433333;19,6;17,633333;16,1;87,208333;74;8,3;2,883333;
2016-07-10;0;921,770833;14,4875;23,9;17,9125;14,6;81,416667;55;6,6;2,083333;
2016-07-11;,2;919,933333;12,716667;25,6;18,458333;12,3;72,708333;38;7,5;1,754167;
2016-07-12;0;919,4625;13,975;25,9;18,533333;13,8;77,166667;41;7,8;2,0375;
2016-07-13;,2;919,766667;13,7;26,2;18,8875;12,6;74,541667;45;8;1,833333;
2016-07-14;0;919,554167;13,516667;26,5;19,516667;14,9;71,375;38;8,2;2,425;
2016-07-15;0;918,791667;14,170833;26,7;19,4;14,4;74,5;42;7,6;2,154167;
2016-07-16;,2;917,583333;11,991667;27,8;19,479167;12,8;65,791667;34;7,4;2,158333;
2016-07-17;0;917,0625;12,466667;29,3;21,675;15,3;59,458333;28;11,5;2,745833;
2016-07-18;0;918,9125;14,054167;26;20,125;13,8;69,125;48;9;2,75;
2016-07-19;,2;921,508333;16,845833;21,7;18,495833;16,9;90,333333;72;9,2;2,808333;
2016-07-20;,6;920,758333;16,333333;24,8;19,079167;16,5;85,25;56;7,7;2,583333;
2016-07-21;,2;920,166667;14,433333;26;18,445833;13,2;79,375;48;8,3;2,033333;
2016-07-22;,2;920,429167;14,658333;25,9;19,004167;13,9;78,291667;46;8,3;2,445833;
2016-07-23;0;922,091667;15,475;22,2;18,091667;16,3;85,208333;64;9,1;2,841667;
2016-07-24;2;922,233333;15,958333;22,7;17,475;15,3;91,291667;64;9,3;2,733333;
2016-07-25;4,4;921,308333;16,183333;23,2;17,8625;15,5;90,541667;66;8,7;2,470833;
2016-07-26;4;921,383333;14,6375;22,5;17,225;14,9;86,125;53;10,1;2,65;
2016-07-27;1;921,2125;13,458333;23,1;16,908333;12,1;82,166667;53;8,4;1,6125;
2016-07-28;,2;920,5125;14,35;25,5;18,083333;10,6;81,125;44;10,7;2,1125;
2016-07-29;,4;922,041667;13,304167;23,4;17,520833;12,4;78,083333;51;9,7;2,895833;
2016-07-30;0;922,291667;13,891667;23,2;17,845833;14,7;79,208333;51;11,3;3,433333;
2016-07-31;3,6;922,5125;14,608333;21,3;16,6;15;88,541667;63;11,7;3,5375;
2016-08-01;,8;922,041667;13,066667;22,6;16,0875;11,3;83,625;58;9,4;2,570833;
2016-08-02;1;921,770833;16,3625;24,7;18,383333;15,7;89,041667;61;8,4;1,954167;
2016-08-03;3;922,029167;16,2875;22,8;17,8875;16,2;91;64;11,4;2,6375;
2016-08-04;1,8;922,641667;14,033333;22,6;17,391667;14,2;82,083333;56;10,6;2,933333;
2016-08-05;,2;922,754167;14,404167;21,3;16,6375;13,6;87,291667;66;9,5;2,879167;
2016-08-06;1,4;922,3625;15,379167;23;17,1375;14;90,041667;65;8,8;2,070833;
2016-08-07;,6;921,395833;14,120833;25,9;18,9875;13,4;76,416667;43;7,8;2,1875;
2016-08-08;0;920,129167;12,479167;26;18,995833;14,2;70,416667;32;8,5;2,670833;
2016-08-09;0;920,804167;12,5625;26,6;18,4375;13;70,916667;41;8,2;2,2375;
2016-08-10;0;919,604167;11,7;28,9;19,808333;13,2;64,833333;24;8,1;2,154167;
2016-08-11;,2;918,183333;14,395833;28,9;20,258333;12,9;71,958333;34;8,8;2,566667;
2016-08-12;0;919,629167;14,920833;24;19,541667;15,2;76,166667;50;10,2;2,7625;
2016-08-13;0;919,975;13,754167;26,5;18,741667;13;75,583333;42;9,5;2,575;
2016-08-14;0;919,204167;14,416667;28;20,258333;15,3;72,041667;37;8,9;2,533333;
2016-08-15;0;917,9125;14,2875;28,7;20,4625;14,8;71,625;33;8,2;2,479167;
2016-08-16;0;917,270833;13,7125;30,7;21,858333;15,3;64,458333;27;9,3;1,9625;
2016-08-17;0;918,475;14,495833;31,1;21,7625;14,2;67,791667;31;8,6;2,104167;
2016-08-18;0;919,041667;15,625;29,9;22,108333;16;69,791667;37;13,4;2,7625;
2016-08-19;0;920,245833;16,020833;25,7;20,404167;17,2;77,208333;49;10,3;3,454167;
2016-08-20;0;919,9625;15,579167;27,5;20,0625;14,7;77,541667;47;11,1;2,416667;
2016-08-21;0;918,579167;14,1;30,7;21,429167;14,2;68,5;25;7,4;2,516667;
2016-08-22;0;918,417391;13,526087;30,6;22,617391;17,3;59,478261;29;11,4;3,204348;
2016-08-23;,8;921,9625;15,7625;19,3;16,841667;15,3;93,291667;81;10,2;3,491667;
2016-08-24;,8;922,579167;15,945833;19,5;16,95;15,9;93,833333;82;11,1;3,6375;
2016-08-25;1;922,3125;13,229167;20,7;16,425;13;82,291667;62;9,8;3,391667;
2016-08-26;0;921,016667;13,883333;24,3;17,620833;14,1;79,916667;56;10,1;3,041667;
2016-08-27;,4;920,9;15,825;21,3;16,833333;14,9;93,833333;76;10,1;3,1;
2016-08-28;1,2;921,366667;14,395833;24,2;17,795833;12,7;81,916667;54;9,8;2,670833;
2016-08-29;0;920,8375;16,325;22,3;17,720833;13,8;91,75;76;8,1;2,483333;
2016-08-30;13,4;920,854167;17,275;25,6;19,670833;17,1;87,416667;59;11,2;2,579167;
2016-08-31;1,4;920,683333;15,454167;26,2;20,270833;16,8;76,291667;45;11,3;2,970833;
2016-09-01;0;921,2625;14,9125;26;19,441667;14,3;77,583333;46;9,8;3;
2016-09-02;0;921,720833;14,770833;25,5;19,145833;15,8;77,625;40;11,1;3,395833;
2016-09-03;,4;921,733333;14,2;25,5;18,583333;14,9;78,125;44;11,2;3,2125;
2016-09-04;1,4;921,908333;14,541667;25;18,495833;14,2;79,458333;47;9,8;2,654167;
2016-09-05;0;922,1125;15,15;23,6;18,783333;15,8;80,625;52;10,9;3,379167;
2016-09-06;,2;921,65;13,066667;26,8;19,283333;13,4;70,833333;39;9;2,533333;
2016-09-07;,2;920,7;14,05;27,2;19,075;12,6;75,041667;41;9,1;2,383333;
2016-09-08;0;919,745833;13,845833;26,6;19,795833;15,5;71,25;41;8,2;2,4875;
2016-09-09;0;920,741667;13,779167;26,7;19,016667;12;73,916667;44;11;3,329167;
2016-09-10;,8;922,841667;13,304167;25,6;19,3;15,1;71,75;36;11,2;3,091667;
2016-09-11;0;921,8875;12,225;25,7;18,870833;13,1;68,875;39;10,5;3,004167;
2016-09-12;,2;919,779167;12,925;27,3;18,570833;11;73,208333;39;9,6;2,508333;
2016-09-13;0;920;13,258333;26,6;19,933333;12,5;68,791667;39;9,9;2,645833;
2016-09-14;,2;919,375;12,579167;29,2;20,179167;12,9;67,083333;29;8,7;2,495833;
2016-09-15;0;918,083333;13,9;30,3;21,316667;15,1;67,958333;26;8,6;3,3125;
2016-09-16;0;918,870833;14,5125;28,8;21,454167;16,1;68,5;35;9,9;3,254167;
2016-09-17;0;920,008333;15,691667;28,5;20,754167;14,6;75,5;41;10,8;2,991667;
2016-09-18;,2;919,795833;15,141667;27,2;20,6125;16,8;73,458333;44;9,8;2,645833;
2016-09-19;0;918,15;13,525;29,2;20,825;14,1;67,083333;34;8,3;2,816667;
2016-09-20;0;916,6;13,104167;31,5;22,3875;14,8;62,125;22;9,3;2,65;
2016-09-21;0;916,45;15,075;31,2;22,758333;16,5;65,041667;31;11,8;2,729167;
2016-09-22;0;919,833333;15,941667;23,6;18,804167;16,3;84,041667;61;11,4;4,095833;
2016-09-23;0;921,358333;15,854167;22,5;17,941667;15,4;88,083333;68;9;2,7125;
2016-09-24;,2;919,691667;15,083333;27,8;20,85;16,7;72,041667;41;6,3;2,0875;
2016-09-25;0;916,916667;13,941667;30,6;21,758333;14,6;66,916667;27;9,6;2,6375;
2016-09-26;0;916,525;17,208333;25,8;20,2125;17,7;83,833333;56;10,6;2,2625;
2016-09-27;40,8;918,004167;18,158333;23,9;19,770833;16,9;90,833333;71;8,7;2,008333;
2016-09-28;8,6;919,65;17,329167;23,7;19,625;17,6;87,291667;68;8,8;2,708333;
2016-09-29;0;917,720833;16,2;28,2;21,033333;16,8;76,5;42;8,5;2,720833;
2016-09-30;,2;916,370833;15,204167;29,4;21,583333;15,5;71,375;35;8,4;2,975;
2016-10-01;0;918,754167;16,15;28;21,6375;16,1;73,375;43;9,5;2,791667;
2016-10-02;,2;919,479167;17,845833;25,8;20,529167;17,9;85,375;61;9,3;3,5375;
2016-10-03;,2;918,779167;17,4875;25,1;19,7125;17,6;87,75;61;11;3,308333;
2016-10-04;,6;916,441667;17,975;27,6;20,904167;17,4;84,958333;49;8,1;2,441667;
2016-10-05;7,8;914,775;18,104167;26,2;21,029167;18,3;84,458333;59;8,6;1,9875;
2016-10-06;1,2;911,533333;18,266667;27,7;22,854167;19,3;76,458333;59;10,7;2,5875;
2016-10-07;2;912,1;18,479167;29,8;24,066667;19,5;72,541667;47;8,4;2,408333;
2016-10-08;0;915,75;18,058333;26,8;21,366667;18,1;81,875;61;9,6;2,591667;
2016-10-09;0;918,345833;18,933333;26,9;21,604167;19;85,625;60;7,9;2,2;
2016-10-10;,8;919,804167;18,15;26,1;20,7;18,7;86,166667;60;11,4;2,979167;
2016-10-11;1;919,6625;17,508333;23,4;19,4375;17,9;89;69;9,8;3,283333;
2016-10-12;6,4;919,566667;16,9125;23,2;19,4875;17,3;85,791667;66;9,2;3,075;
2016-10-13;,2;920,691667;17,1875;24,5;19,7;17,5;86;62;10,5;3,145833;
2016-10-14;1,6;921,204167;16,808333;26,1;20,275;15,6;82;57;8,1;2,054167;
2016-10-15;,2;920,120833;15,675;27;20,6375;14,5;75,666667;45;9,4;2,891667;
2016-10-16;,2;918,879167;15,183333;26,9;20,25;15,1;75,416667;43;9,5;2,933333;
2016-10-17;0;918,054167;15,2625;28,1;21;16,3;72,75;41;8;2,458333;
2016-10-18;0;917,658333;16,2875;28,7;21,279167;15,5;75,458333;41;9,1;2,354167;
2016-10-19;0;916,345833;16,329167;29,3;21,65;15,8;73,875;48;7,9;2,4125;
2016-10-20;0;914,870833;16,204167;29,7;22,233333;17,1;71,875;41;8,2;2,995833;
2016-10-21;0;915,054167;15,570833;30,1;21,991667;15,9;69,75;38;9,4;2,495833;
2016-10-22;0;917,158333;16,329167;29,8;22,3625;17,2;71,5;39;9,5;2,920833;
2016-10-23;0;918,954167;16,716667;26,7;20,620833;15,5;79,541667;57;10,6;2,9625;
2016-10-24;,4;917,904167;14,141667;28,3;21,345833;15,3;67,5;36;10,2;2,595833;
2016-10-25;0;916,679167;15,254167;29,6;22,070833;16,1;68,416667;33;8,5;2,141667;
2016-10-26;0;915,8125;15,425;29,3;22,1875;16,5;68,916667;38;9,6;2,654167;
2016-10-27;0;914,408333;14,108333;30,7;22,2875;15,4;64,75;29;9,7;3,120833;
2016-10-28;0;914,225;15,383333;34,3;23,85;16,4;63,541667;27;12,4;3,845833;
2016-10-29;0;918,2375;17,170833;28,6;22,716667;19,5;72,708333;41;9,7;2,825;
2016-10-30;0;919,9125;16,05;28,2;21,420833;17,1;73,208333;43;11,4;3,504167;
2016-10-31;,4;918,820833;17,045833;24,2;19,520833;17,1;86,25;63;10,7;3,0375;
2016-11-01;2,4;918,495833;16,8625;28,4;20,995833;16,9;79,541667;46;10,6;3,041667;
2016-11-02;,2;918,979167;15,3;29,1;21,979167;16,4;69,291667;38;10,3;3,375;
2016-11-03;0;920,079167;14,3625;28,6;21,420833;14,2;68,25;33;11,3;3,125;
2016-11-04;0;921,020833;15,929167;29,1;21,791667;16;71,875;37;11;2,820833;
2016-11-05;,2;920,9625;16,416667;26,9;19,308333;16,4;84,5;50;11,3;3,179167;
2016-11-06;1,6;920,129167;16,1;27,1;19,9875;16,6;80,083333;47;10,8;3,104167;
2016-11-07;,4;918,375;17,116667;26;19,345833;16,9;87,583333;54;8,6;2,616667;
2016-11-08;16;917,4;17,091667;26,3;20,104167;16,5;84,125;57;8,4;2,508333;
2016-11-09;2,4;917,8125;16,695833;26,8;20,904167;17,3;79;51;11,1;2,658333;
2016-11-10;0;917,704167;16,8125;28,3;21,733333;16,6;76,125;46;8,6;2,508333;
2016-11-11;15,8;915,341667;18,379167;26,9;22,133333;18,4;80,958333;54;7,1;2,083333;
2016-11-12;0;914,204167;17,920833;29,6;22,054167;17,9;79,041667;47;9,7;3,0125;
2016-11-13;6,2;914,620833;18,55;25,7;20,808333;19,3;87,416667;64;8,3;2,370833;
2016-11-14;24,6;913,2;18,441667;25,4;20,6625;18,1;87,666667;66;8;2,395833;
2016-11-15;10;912,008333;19,216667;26,7;21,570833;19,1;87,125;65;10,1;2,816667;
2016-11-16;3,2;913,4625;19,620833;24,7;21,333333;20,2;90,166667;73;10;2,5875;
2016-11-17;,6;914,366667;19,1875;26,8;21,854167;19,5;85,666667;61;8,9;2,291667;
2016-11-18;,4;912,604167;19,358333;30;23,629167;19,6;78,75;53;8,7;1,954167;
2016-11-19;15,2;913,283333;18,65;27;20,629167;18,2;88,708333;61;12,9;2,241667;
2016-11-20;18,2;916,445833;15,095833;17,5;15,633333;14,3;96,625;93;9,2;2,566667;
2016-11-21;3,4;917,633333;16,8125;22,4;18,004167;14,9;93,083333;77;7,2;2,1375;
2016-11-22;,2;915,895833;18,366667;27,3;21,145833;17,4;85,583333;59;7,4;1,791667;
2016-11-23;,2;915,079167;16,8125;31;22,691667;16,3;73,708333;31;7,8;2,008333;
2016-11-24;,2;915,679167;18,825;31,7;23,683333;18,1;76,833333;39;9,4;1,983333;
2016-11-25;0;917,725;17,7375;28,3;22,275;16,5;77,291667;51;8,4;2,370833;
2016-11-26;,2;917,7625;16,670833;27,7;22,0625;18,2;74,083333;45;9,5;2,433333;
2016-11-27;0;917,245833;16,741667;28,4;22,020833;16,3;74,041667;43;7,4;2,5375;
2016-11-28;0;917,0875;18,05;27,4;22,020833;18,7;79,458333;54;6,6;1,920833;
2016-11-29;0;915,4875;18,258333;28,9;23,125;17,3;75,958333;48;9,3;1,708333;
2016-11-30;,2;915,354167;16,2625;31;23,554167;16,5;67,25;37;7,7;1,8625;
2016-12-01;0;917,858333;17,6125;29,1;22,4125;17,2;76,333333;43;13,4;2,904167;
2016-12-02;0;918,525;17,533333;27;21,5875;18,3;78,833333;57;9,8;2,670833;
2016-12-03;0;915,895833;19;28;22,533333;19,3;81,416667;59;8,8;2,329167;
2016-12-04;3,2;914,066667;18,825;29,9;22,770833;18,6;80,291667;51;9,7;2,504167;
2016-12-05;0;914,4625;18,633333;32,6;25,1125;20;70,583333;40;9,4;2,370833;
2016-12-06;8,8;916,266667;19,4875;29,2;23,404167;19,9;80,041667;52;6,5;1,5625;
2016-12-07;0;914,6625;19,254167;31,9;23,391667;21,2;79,25;41;10,8;1,520833;
2016-12-08;9,2;915,383333;19,366667;28,4;21,295833;19;89,791667;59;9,2;1,491667;
2016-12-09;32,8;915,325;18,85;28,6;22,016667;18,1;84;56;7,4;1,779167;
2016-12-10;0;914,925;17,004167;30,8;23,420833;17,5;69,875;31;7,4;1,8625;
2016-12-11;0;914,570833;19,320833;29,6;22,141667;18,9;85,333333;55;12;1,629167;
2016-12-12;5;913,65;19,9875;25;21,375;20;92;75;8,3;1,545833;
2016-12-13;33;914,679167;19,675;25,9;22,091667;19,1;86,583333;71;7;2,095833;
2016-12-14;0;915,754167;17,345833;29,2;22,458333;18,1;75,375;41;8,7;2,525;
2016-12-15;0;917,0125;15,333333;28,8;21,766667;15;70,333333;34;10,5;2,695833;
2016-12-16;0;919,341667;16,470833;27,5;22,1;18,1;72,458333;44;12,5;3,383333;
2016-12-17;0;918,554167;16,329167;25,1;20,166667;16,5;79,5;58;10,9;3,270833;
2016-12-18;,2;917,591667;17,208333;26,3;20,295833;17,2;84,041667;51;9,2;2,3875;
2016-12-19;9,6;917,3;16,879167;26,7;20,504167;16,5;81,458333;51;10,9;2,716667;
2016-12-20;0;917,479167;17,2125;24,7;19,704167;16,9;85,875;68;9,7;2,5;
2016-12-21;2;916,820833;17,083333;26,5;20,325;16,1;82,916667;53;10,1;2,508333;
2016-12-22;,4;917,791667;18,016667;27,1;20,883333;16,1;84,708333;60;10,1;2,645833;
2016-12-23;6,2;917,720833;17,791667;25,9;20,895833;16,7;83,791667;61;10,2;2,595833;
2016-12-24;0;916,675;18,654167;26,5;20,908333;16,9;87,416667;65;7,4;2,229167;
2016-12-25;,6;915,558333;17,741667;27,9;22,2;17,8;77,875;49;7,8;2,283333;
2016-12-26;0;915,841667;16,741667;28,8;21,925;16;75,041667;45;7,3;2,383333;
2016-12-27;0;917,283333;17,9;29,1;22,433333;17,2;77,708333;46;8,9;2,5125;
2016-12-28;0;917,829167;17;27;21,608333;16,4;76,75;54;9,7;2,916667;
2016-12-29;0;918,295833;17,070833;25,2;20,745833;16,8;80,666667;59;9,2;2,308333;
2016-12-30;,2;917,741667;16,008333;27;21,591667;16,3;73,125;48;7,7;2,508333;
2016-12-31;0;917,808333;16,670833;28,1;20,916667;15,1;78,833333;48;8,9;2,5625;
2017-01-01;,6;917,4375;16,175;29,5;21,958333;14,2;72,458333;44;8,1;2,1875;
2017-01-02;0;915,65;16,741667;32,1;23,333333;16,1;70,166667;35;7,2;2,2;
2017-01-03;0;915,333333;17,4375;31;23,7;17,2;70,875;40;10;2,233333;
2017-01-04;0;917,066667;17,129167;29,8;22,716667;17,2;73,333333;41;8;2,370833;
2017-01-05;0;918;15,870833;30,7;22,7875;15,4;69;31;8,5;2,333333;
2017-01-06;0;917,508333;15,8375;28,4;21,825;16,4;71,708333;41;8,1;2,3875;
2017-01-07;0;917,708333;15,508333;29;21,683333;14,6;70,458333;44;10,2;2,6625;
2017-01-08;0;917,058333;15,791667;26,7;20,279167;13,9;77,166667;50;9,1;2,504167;
2017-01-09;0;915,979167;14,104167;30,9;22,708333;15;64,208333;30;7,9;2,033333;
2017-01-10;0;914,7;14,6125;32,7;23,729167;16,9;62,666667;25;9,1;2,620833;
2017-01-11;0;915,108333;17,2125;31,1;23,666667;18;69,958333;41;8,1;2,875;
2017-01-12;0;915,266667;17,8375;31,7;23,804167;18,4;71,875;42;9,3;2,175;
2017-01-13;0;915,204167;18,479167;28,8;23,320833;18,3;75,583333;52;9;2,658333;
2017-01-14;0;914,516667;16,770833;30,3;23,0625;16,6;70,375;43;7,1;2,333333;
2017-01-15;0;915,0875;17,420833;29,3;22,995833;18,4;72,375;48;9,1;2,5;
2017-01-16;0;915,541667;16,129167;29,6;21,95;16,3;72,708333;39;10,3;2,8;
2017-01-17;0;915,570833;14,5625;30,2;21,595833;13,1;68,666667;35;9,3;2,55;
2017-01-18;0;915,704167;15,595833;30,5;22,483333;16,2;69,208333;34;8,9;2,308333;
2017-01-19;0;916,766667;16,091667;30,6;22,8875;16,8;69,208333;35;9,7;2,833333;
2017-01-20;0;917,5875;15,579167;30,5;22,7875;16;67,083333;35;10,5;2,775;
2017-01-21;0;917,45;15,408333;29,7;22,370833;15,8;67,583333;35;9,6;2,525;
2017-01-22;0;916,3875;14,908333;31,6;23,166667;17,1;64,625;31;10,3;2,55;
2017-01-23;0;916,745833;16,104167;31;23,5125;16,7;66,833333;35;8,5;2,579167;
2017-01-24;0;917,616667;16,4125;30,9;23,220833;16,8;69,041667;36;8,9;2,716667;
2017-01-25;0;918;16,1375;30,2;23,045833;17,1;69;30;8,2;2,545833;
2017-01-26;0;917,770833;13,979167;31,6;22,7375;13,9;63,541667;28;8,4;2,3875;
2017-01-27;0;918,691667;14,8875;31,7;22,95;16,6;64,875;30;9,2;2,95;
2017-01-28;0;919,408333;15,870833;30,7;23,1375;16,4;67,333333;35;11,9;3,291667;
2017-01-29;3;919,1;17,25;29,2;22,220833;17,5;75,708333;42;9,4;2,525;
2017-01-30;,2;918,570833;16,608333;29,6;22,091667;16,5;73,541667;41;11,8;2,883333;
2017-01-31;0;917,583333;15,579167;30,7;22,708333;15,6;68,458333;33;9,4;2,775;
2017-02-01;0;916,225;15,645833;30,6;23,166667;16,2;66,541667;36;9,3;2,675;
2017-02-02;0;915,783333;17,425;32,3;23,1125;18,1;73,416667;35;9,7;2,175;
2017-02-03;,2;916,304167;17,375;32,1;23,983333;17,4;70;36;8,4;2,116667;
2017-02-04;0;916,15;17,325;32,7;23,554167;17,1;70,791667;37;10,1;2,366667;
2017-02-05;,2;915,7;17,554167;30,1;23,379167;19,1;71,583333;43;8,7;2,520833;
2017-02-06;0;914,929167;17,308333;30,6;23,4625;19,4;70;43;8,6;1,891667;
2017-02-07;0;914,466667;18,929167;28,6;22,158333;19,4;82,875;53;7,3;1,695833;
2017-02-08;4;914,8125;19,591667;30,3;22,325;19,4;86,041667;50;7,5;1,870833;
2017-02-09;33,8;915,6;19,454167;23,3;20,445833;18,9;94,041667;81;7,5;1,8875;
2017-02-10;1,8;916,1375;18,3;26;20,466667;18,2;87,833333;67;9,1;2,016667;
2017-02-11;,8;915,820833;17,504167;27,7;20,925;17;82,208333;49;7,8;2,2125;
2017-02-12;0;915,35;16,783333;29,1;21,341667;16,1;77,708333;44;9,9;2,925;
2017-02-13;,4;916,058333;16,670833;26,8;21,020833;17,4;78,125;50;11,1;2,904167;
2017-02-14;,8;918,883333;17,025;24,2;19,883333;16,5;84,5;60;9,7;2,541667;
2017-02-15;1,6;920,554167;18,458333;24;19,745833;17,4;92,5;77;8,3;2,283333;
2017-02-16;3,2;919,258333;18,5625;24,9;19,916667;17,3;92,166667;72;9,2;2,375;
2017-02-17;14;917,945833;17,766667;27,3;21,416667;18,1;82,041667;46;8;1,9875;
2017-02-18;,2;917,879167;17,8;27,3;21,529167;17,2;81,208333;53;10;2,191667;
2017-02-19;,2;918,558333;17,595833;28,5;21,258333;17,7;81,75;46;11,3;2,6875;
2017-02-20;5,4;918,520833;18,258333;26,3;20,775;17,5;86,833333;59;11,7;2,866667;
2017-02-21;2,6;918,570833;17,825;25,6;19,9625;17,9;88,125;61;10;2,379167;
2017-02-22;1,6;918,175;17,716667;27,6;20,404167;17,1;85,666667;56;10,6;2,866667;
2017-02-23;,4;917,708333;17,883333;27,5;21,466667;17,4;81,833333;55;8,1;2,520833;
2017-02-24;,2;916,879167;17,595833;28,7;22,15;16,2;77,458333;47;9;2,375;
2017-02-25;0;915,783333;17,870833;28,4;22,108333;16;78,833333;53;8,3;2,125;
2017-02-26;0;916,266667;17,858333;28,9;22,725;18,4;75,625;50;8,1;2;
2017-02-27;0;915,8375;17,333333;29,9;22,9625;16,9;73,833333;41;9,6;2,333333;
2017-02-28;0;915,045833;19,1375;29,6;22,7875;19,6;81,208333;45;9,7;2,433333;
2017-03-01;,2;915,291667;18,754167;28,6;22,416667;17,9;81,208333;55;7,7;1,854167;
2017-03-02;0;916,754167;17,508333;29,7;23,25;17,6;72,916667;42;9,1;2,795833;
2017-03-03;0;917,85;16,95;28;21,820833;15,9;75,75;49;9,1;2,6375;
2017-03-04;0;916,079167;15,8;29,8;22,225;16,5;70,666667;40;10,1;2,541667;
2017-03-05;0;914,15;16,083333;32;23,004167;16;68,625;36;8,5;2,066667;
2017-03-06;0;914,633333;16,720833;30,5;23,470833;17,6;69,458333;36;9,7;2,1625;
2017-03-07;,2;915,925;15,945833;29,8;22,691667;16,5;69,875;36;8,8;2,508333;
2017-03-08;0;916,35;15,658333;29,6;22,429167;16,1;69,041667;37;9,4;2,516667;
2017-03-09;0;916,491667;15,129167;30,4;22,0375;14,8;68,458333;32;9,8;2,991667;
2017-03-10;,2;917,191667;17,204167;28,7;20,920833;16,5;82,166667;43;10;3,025;
2017-03-11;2;917;17,925;28,1;20,579167;15,5;86,166667;51;10,2;2,283333;
2017-03-12;,2;916,9625;17,991667;27;20,558333;17,3;86,25;55;10,6;2,329167;
2017-03-13;1,4;915,958333;16,541667;29,8;22,2875;17,5;74,125;36;8,7;2,445833;
2017-03-14;0;916,316667;16,391667;29;22,370833;17,7;72,166667;38;10;2,670833;
2017-03-15;0;916,945833;17,1;27,6;21,3;15,8;78,916667;49;9,5;2,516667;
2017-03-16;0;917,4125;17,845833;24,5;20,420833;17,3;85,791667;69;9,2;2,2875;
2017-03-17;,2;916,854167;18,4375;30,7;22,8375;19;78,625;44;8,8;2,358333;
2017-03-18;,2;916,616667;17,929167;30,6;23,275;17,2;74,541667;41;9;2,195833;
2017-03-19;0;917,220833;17;32,6;23,658333;17,2;70,458333;28;9,9;1,933333;
2017-03-20;0;917,4125;17,3;30,8;23,741667;18,2;70,166667;43;10,6;2,316667;
2017-03-21;0;918,383333;18,345833;27,8;22,120833;17,2;80,666667;57;9,5;2,1125;
2017-03-22;2;919,216667;17,7;28,1;21,8;18,1;79,375;52;10;3,1375;
2017-03-23;0;918,116667;15,566667;28,4;21,7875;16,6;70,583333;41;9,6;2,9125;
2017-03-24;0;916,725;16,045833;29,4;22,116667;16,9;70,708333;42;7;2,108333;
2017-03-25;0;915,829167;16,633333;33;23,4375;17,5;69,666667;30;7,6;2,125;
2017-03-26;0;915,3375;17,4375;32,3;24,279167;18,4;68,541667;36;15,8;2,4;
2017-03-27;0;915,766667;18,108333;31,4;24,366667;19,6;70,125;41;7,4;2,158333;
2017-03-28;16;915,733333;19,266667;31,6;23,4875;19,3;79,875;40;6,6;1,741667;
2017-03-29;80,8;915,9625;19,120833;23,8;20,229167;17,5;93,708333;77;9,5;1,308333;
2017-03-30;9;916,525;18,25;19,9;18,733333;18;97,041667;93;5,6;1,816667;
2017-03-31;2,4;917,254167;19,141667;26,4;20,475;18;92,708333;68;6,9;1,633333;
2017-04-01;31,4;917,875;18,683333;20,1;19,008333;17,7;98,041667;93;7,6;1,95;
2017-04-02;20;917,375;18,633333;21,5;18,925;17,5;98,25;89;5,4;1,383333;
2017-04-03;15;917,104167;18,9375;25,5;20,8125;18,3;89,833333;66;8,9;1,970833;
2017-04-04;0;917,5375;17,829167;26,3;20,954167;17,2;83,583333;58;7,9;1,883333;
2017-04-05;0;918,741667;18,470833;25,9;21,020833;18,4;86,041667;63;8,1;2,2625;
2017-04-06;,4;918,804167;17,945833;27,8;21,1875;16,3;83,541667;50;7,9;1,75;
2017-04-07;,4;917,579167;17,416667;27,4;21,6125;16,9;79,083333;50;7,7;2,179167;
2017-04-08;,2;917,545833;17,145833;27,5;21,029167;14,9;80,375;51;10;2,570833;
2017-04-09;0;916,966667;17,504167;26,9;21,058333;17,1;81,833333;52;8,8;2,3;
2017-04-10;,2;916,966667;18,066667;25;20,629167;16,3;85,958333;64;8,5;2,295833;
2017-04-11;,6;916,658333;17,158333;27,4;21,616667;16,6;78,166667;49;7,1;1,933333;
2017-04-12;0;916,3125;18,033333;29,5;22,833333;16,9;76,791667;48;7,6;1,683333;
2017-04-13;0;917,308333;18,620833;27,6;22,570833;19;80,041667;49;8,2;2,316667;
2017-04-14;0;918,666667;17,820833;25,2;20,683333;17,8;84,625;64;10,2;2,645833;
2017-04-15;4,4;918,9625;18;25,5;20,429167;17,6;86,791667;60;8,8;2,579167;
2017-04-16;,4;918,008333;18,0875;25,6;20,5875;17,9;86,333333;63;8,4;2,55;
2017-04-17;,2;916,6625;17,870833;27,9;21,775;17;80,375;51;7,9;1,604167;
2017-04-18;0;916,966667;17,075;26,7;21,241667;16,6;79,375;49;9,7;2,225;
2017-04-19;,2;918,091667;17,304167;25,2;20,675;17,7;81,958333;57;8,7;3,233333;
2017-04-20;1,4;917,933333;17,0125;21,6;18,870833;17,1;89,25;74;10,3;3,608333;
2017-04-21;0;917,904167;16,270833;23,7;19,116667;16,6;84,041667;69;8,3;2,145833;
2017-04-22;0;917,345833;18,325;28,9;21,7125;16,8;82,833333;50;6,1;1,670833;
2017-04-23;,2;917,654167;18,554167;29,1;22,145833;18;81,916667;49;6,5;1,491667;
2017-04-24;2,4;918,483333;19,854167;23;20,8625;19,3;94,166667;84;8,3;2,416667;
2017-04-25;1,4;917,466667;18,833333;24,4;20,329167;18;91,5;72;8,1;2,154167;
2017-04-26;0;917,079167;18,833333;25,8;21,0625;18,3;87,958333;67;7,3;2,0375;
2017-04-27;,2;917,383333;18,808333;28,6;22,179167;18,1;82,875;49;8,6;1,916667;
2017-04-28;0;918,441667;18,083333;27;21,2375;16,9;83,5;57;8,3;1,845833;
2017-04-29;,2;919,741667;17,733333;25,1;20,458333;17,5;85,25;62;9,4;2,808333;
2017-04-30;3,2;920,183333;17,7375;24,3;19,933333;17,8;88,041667;59;8,9;2,670833;
2017-05-01;6,6;920,591667;16,991667;22,8;18,333333;16,2;92,416667;64;10,1;2,783333;
2017-05-02;1,4;919,729167;17,708333;21,3;18,145833;16,9;97,291667;84;9,1;3,091667;
2017-05-03;4;920,1625;16,6625;20,9;17,591667;16,2;94,375;78;11,2;3,4;
2017-05-04;1,4;919,1;17,491667;24,4;19,225;16,8;90,291667;69;9,2;2,770833;
2017-05-05;,6;918,770833;17,75;21,5;18,666667;17,4;94,708333;81;8,1;2,6625;
2017-05-06;,6;918,383333;17,583333;26;20,475;17,3;85,25;55;6,2;1,483333;
2017-05-07;,2;916,704167;17,270833;26,5;20,654167;16,5;82,833333;53;8,3;1,6;
2017-05-08;0;916,254167;17,7375;25,5;20,8;17,7;83,708333;58;7,6;1,8875;
2017-05-09;0;917,233333;17,591667;25,7;20,625;16,1;83,916667;60;7,1;2;
2017-05-10;,2;917,479167;16,766667;27,7;21,075;15,8;79,5;41;6,6;1,55;
2017-05-11;,2;917,679167;15,9625;25,4;19,6125;14,6;81,583333;54;7,8;1,641667;
2017-05-12;0;919,316667;15,883333;23,1;18,75;16;84,125;60;9,5;3,025;
2017-05-13;0;919,720833;15,983333;23,6;18,775;15,4;84,583333;63;7,3;2,229167;
2017-05-14;0;917,820833;14,95;27,6;20,125;15,1;76,583333;38;6,7;1,783333;
2017-05-15;0;915,808333;15,0375;30,7;23,475;16,3;62,208333;34;8,2;2,075;
2017-05-16;0;916,3875;18,370833;31,2;22,4125;17,2;79,833333;32;7,8;2,045833;
2017-05-17;,8;918,329167;18,570833;21,4;19,154167;18,3;96,458333;86;8,4;2,325;
2017-05-18;,4;918,3125;17,145833;20,3;18,070833;16,6;94,458333;84;7,7;2,504167;
2017-05-19;,4;917,141667;16,929167;21,6;18,220833;16,4;92,375;77;7,3;2,233333;
2017-05-20;0;917,625;17,866667;26,6;20,0875;17,3;88;56;6,3;2,166667;
2017-05-21;,2;919,320833;18,0875;25,5;20,408333;18;87,375;63;8,4;2,554167;
2017-05-22;0;918,979167;18,379167;24,5;20,0125;17,8;90,875;70;8;2,179167;
2017-05-23;,4;919,675;17,620833;25,2;20,020833;17;86,875;63;8,2;2,0625;
2017-05-24;,6;920,766667;17,845833;24,1;19,55;17,2;90,458333;68;7,6;2,616667;
2017-05-25;3,8;921,416667;17,683333;23,6;18,6875;17,1;94,041667;72;9;2,425;
2017-05-26;2;921,320833;15,241667;22,6;17,558333;14,5;87,208333;61;9,6;2,620833;
2017-05-27;,2;920,966667;16,05;24,1;17,895833;13,4;89,708333;65;7,7;2,141667;
2017-05-28;,6;921,104167;16,929167;23,8;18,016667;15,8;93,666667;70;8,4;2,379167;
2017-05-29;,6;921,454167;15,0625;23,2;17,658333;14,2;86,125;61;8,6;2,291667;
2017-05-30;0;920,125;14,604167;25,3;18,491667;13,1;80,666667;39;7,5;1,770833;
2017-05-31;,2;919,233333;14,870833;27,4;19,570833;14,4;78,541667;36;4,6;1,266667;
2017-06-01;0;919,233333;16,358333;28,2;20,391667;14,1;80,416667;42;7;1,733333;
2017-06-02;,2;919,191667;16,154167;30,2;21,7375;15,6;75,083333;32;6,9;1,583333;
2017-06-03;,2;920,6;17,541667;26;20,1375;15,8;86,333333;61;9,8;2,358333;
2017-06-04;,8;921,208333;17,320833;25,2;20,320833;17,1;84,375;58;9,5;2,954167;
2017-06-05;2,2;920,129167;18,066667;25,3;19,8;18,1;90,625;59;8,5;2,245833;
2017-06-06;1,6;919,645833;16,95;25,5;19,8;15,7;84,833333;58;8,2;2,358333;
2017-06-07;0;918,916667;16,925;25,4;19,7875;16,4;84,791667;56;8,2;2,516667;
2017-06-08;0;918,608333;17,2;25,6;20,116667;17,1;84,5;58;8,6;1,991667;
2017-06-09;0;918,8125;15,733333;27,9;20,604167;14,3;76,666667;40;6,1;1,620833;
2017-06-10;,2;918,345833;15,366667;28,3;20,266667;13,3;76,458333;41;8;2,104167;
2017-06-11;0;919,5375;15,458333;26,1;19,8375;15,8;78,041667;47;8,9;2,0875;
2017-06-12;,2;920,695833;15,445833;25,8;19,104167;14,7;81,541667;46;7,8;2,195833;
2017-06-13;0;920,779167;15,145833;24,5;18,733333;14,3;81,375;53;9,7;2,520833;
2017-06-14;,2;921,35;14,520833;24,8;18,35;13,3;80,833333;45;8,1;2,154167;
2017-06-15;,2;921,479167;15,191667;23,4;18,391667;14,1;83,041667;58;10,1;2,6125;
2017-06-16;1,6;921,783333;16,079167;22,1;17,779167;15,9;90,166667;70;9,6;2,558333;
2017-06-17;3;920,429167;15,504167;23,3;18,254167;16;85,583333;52;10,5;2,708333;
2017-06-18;,2;919,95;13,179167;23;16,795833;12;82,041667;45;8,5;1,958333;
2017-06-19;,2;919,941667;10,4875;24,9;17,220833;10,3;70,5;28;7,7;1,891667;
2017-06-20;0;920,616667;14,291667;25,3;18,891667;13,5;77,666667;40;8;2,166667;
2017-06-21;0;921,433333;14,883333;23,9;18,158333;14,5;82,583333;54;9,6;2,675;
2017-06-22;,4;921,0375;15,483333;21,7;17,258333;15,4;89,75;69;10,3;3,1625;
2017-06-23;7,4;921,175;16,145833;20,5;16,795833;16;96,041667;78;11,2;3,25;
2017-06-24;5,6;922,075;15,241667;20;16,5125;14,8;92,5;73;9,9;2,8625;
2017-06-25;2,2;921,945833;15,6;21;16,920833;15,3;92,291667;73;11;3,241667;
2017-06-26;1,6;921,295833;15,4375;21;16,695833;15,5;92,583333;72;11,5;3,083333;
2017-06-27;2,8;921,491667;15,129167;21,4;16,525;14,5;91,833333;68;9,9;2,804167;
2017-06-28;3,6;922,3125;16,075;20,4;16,425;14,6;97,875;84;9,8;2,658333;
2017-06-29;6,8;922,141667;14,608333;20,9;16,5125;14,7;89,666667;56;10,4;2,658333;
2017-06-30;1,2;922,158333;15,420833;19,2;16,383333;14,2;94,333333;81;7,3;1,875;
2017-07-01;3,4;922,0625;16,016667;22,1;17,7125;15,4;90,416667;63;6;1,820833;
2017-07-02;0;922,858333;13,870833;21,7;17,075;12,5;83,083333;56;10,3;2,429167;
2017-07-03;1;924,916667;13,175;16,4;14,266667;13,3;93,166667;83;12,9;3,941667;
2017-07-04;1;925,983333;11,020833;19,1;13,9;11,7;83,541667;61;11,6;3,954167;
2017-07-05;2;924,65;13,475;18,1;14,220833;12,3;95,375;80;12;3,45;
2017-07-06;7,4;923,6;14,470833;20,4;15,9375;13,7;91,833333;66;10,5;2,9125;
2017-07-07;4,8;923,825;14,8875;18,6;15,429167;14,1;96,791667;85;10,4;2,991667;
2017-07-08;4,4;923,920833;14,575;19,6;15,625;13,4;93,708333;77;13,6;3,229167;
2017-07-09;3;923,554167;14,8875;20,4;15,858333;13,4;94,166667;76;9;2,545833;
2017-07-10;7,4;922,745833;15,804167;18,8;16,2625;15,1;97,333333;87;10,9;3,229167;
2017-07-11;1,2;923,316667;14,854167;21,1;16,45;13,6;90,625;72;10,5;2,558333;
2017-07-12;2,8;923,441667;14,9875;21,1;17,041667;14,9;88,75;59;10,3;3,008333;
2017-07-13;3,4;923,445833;15,220833;21,1;16,420833;14,7;93;69;10,5;2,995833;
2017-07-14;1,6;923,25;14,2875;19;15,245833;12,8;94,125;85;10;2,745833;
2017-07-15;2,2;923,066667;13,895833;21,6;16,0875;13,1;87,75;58;10,7;2,583333;
2017-07-16;6,8;922,95;14,991667;21,6;16,416667;12,4;91,875;67;8,9;2,504167;
2017-07-17;3;922,4;15,770833;21,4;16,670833;15,5;94,75;76;10,4;2,720833;
2017-07-18;7;921,85;12,991667;22,2;15,595833;10,9;86,041667;58;8;1,979167;
2017-07-19;,4;922,3;14,595833;20;15,925;14,2;92,041667;72;8,2;2,491667;
2017-07-20;,8;923,120833;14,404167;21,7;16,883333;14,1;86,333333;65;8,3;2,441667;
2017-07-21;0;922,845833;15,4625;22;17,7;15,1;87,708333;66;6,1;1,970833;
2017-07-22;,2;922,441667;12,770833;23,8;17,504167;12,6;78,875;27;9,6;1,8125;
2017-07-23;,2;923,416667;13;21,6;16,0375;11;83,833333;54;11,3;2,479167;
2017-07-24;,2;925,2125;14,483333;21,7;16,65;13,4;87,416667;67;9,6;2,9;
2017-07-25;1,2;925,1125;12,895833;21,2;16,375;13,6;81,625;51;11,3;3,495833;
2017-07-26;,4;923,3;13,545833;19,1;15,5625;13,1;88;77;12,4;3,245833;
2017-07-27;1,4;922,379167;14,65;18,4;15,575;14,1;94,25;80;10;2,758333;
2017-07-28;7,2;923,029167;15,120833;19;15,745833;14,7;96,291667;86;13,2;3,808333;
2017-07-29;4,6;925,041667;14,316667;20,3;15,570833;13,8;92,625;68;13,5;3,258333;
2017-07-30;2,8;925,016667;13,141667;19,8;14,929167;12,8;89,625;66;11,2;3,608333;
2017-07-31;2,6;923,229167;13,4375;18,9;14,8875;13,2;91,458333;69;11,4;2,983333;
2017-08-01;,4;921,683333;13,1875;21,3;16,1;13;83,916667;60;8,4;2,745833;
2017-08-02;,2;922,0625;14,058333;23,5;17,354167;14,3;82,291667;54;6,9;1,758333;
2017-08-03;0;920,95;13,708333;25,4;17,725;11,5;80,833333;39;6,1;1,658333;
2017-08-04;,2;919,1;13,391667;28,3;19,883333;13,8;71,708333;28;8,2;1,7;
2017-08-05;0;920,216667;15,654167;20,9;17,966667;15,2;86,75;65;8,1;2,8125;
2017-08-06;0;921,583333;13,608333;20,9;16,279167;13,5;84,5;67;9,2;3,170833;
2017-08-07;0;922,225;13,008333;20,8;15,8;13,6;84,583333;60;8,6;2,466667;
2017-08-08;,2;921,2625;12,108333;22,6;16,066667;11,2;79,5;51;7;2,070833;
2017-08-09;0;919,679167;11,1625;26,8;18,025;10,5;69,083333;31;7;1,729167;
2017-08-10;0;918,6625;10,454167;27,1;19,095833;11,8;63,083333;27;9,3;2,195833;
2017-08-11;0;919,866667;13,091667;23,4;16,85;10,2;80,25;53;10,6;2,408333;
2017-08-12;,2;921,066667;13,9;23,4;17,525;12,9;81,166667;54;7,5;2,541667;
2017-08-13;0;920,845833;13,391667;20,5;16,233333;14,6;84,083333;60;8;2,008333;
2017-08-14;0;919,425;11,5875;22,9;15,358333;8,9;80,541667;48;7,3;1,825;
2017-08-15;0;918,85;11,95;21,3;15,6625;10,8;80,291667;51;10,3;2,495833;
2017-08-16;,2;919,8625;12,125;21,9;14,908333;8,2;85,041667;57;8,8;2,204167;
2017-08-17;0;918,775;13,029167;25;17,45;12;78,5;42;10;1,604167;
2017-08-18;0;918,733333;13,470833;24,7;17,920833;13,4;77,5;48;7,6;1,816667;
2017-08-19;,2;918,9625;12,675;23,1;17,2;12,2;76,916667;49;8,9;2,391667;
2017-08-20;0;918,9875;14,475;27,3;18,733333;13,3;78,791667;40;7,7;2,0625;
2017-08-21;0;920,5625;15,383333;24,3;18,5875;13,8;83,041667;59;9,6;2,295833;
2017-08-22;,8;922,6875;15,991667;18,7;16,7625;15,6;95,166667;85;11,4;3,6625;
2017-08-23;5,2;921,941667;16,004167;21,1;16,733333;14,9;95,666667;76;10,3;3,216667;
2017-08-24;3,8;921,345833;15,983333;18,9;16,3375;15,5;97,708333;88;11,2;3,466667;
2017-08-25;4;921,9375;13,904167;18,4;15,125;12,7;92,666667;78;10,8;3,3;
2017-08-26;0;921,6375;12,866667;22,2;16,7875;12,9;79,583333;49;8,7;2,6125;
2017-08-27;,4;920,295833;13,929167;23,6;17,183333;14;82,833333;55;8,7;2,2625;
2017-08-28;0;920,0375;13,7125;23,8;17,804167;14;79,083333;50;8,2;2,283333;
2017-08-29;0;920,495833;12,925;23,4;17,229167;12,7;77,75;49;8,1;2,391667;
2017-08-30;0;920,7125;13,241667;24,4;17,979167;13,6;76,25;48;8,4;2,341667;
2017-08-31;,2;920,041667;12,404167;25,7;18,420833;12,5;71,916667;36;8,4;2,0625;
2017-09-01;0;922,904167;13,6;24,3;17,333333;11,5;80,125;48;10,5;2,779167;
2017-09-02;1,2;924,325;15,329167;17,8;16,058333;15,8;95,541667;84;12,3;3,6625;
2017-09-03;5,2;924,6;12,991667;20,4;15,391667;12,7;86,541667;65;12,5;4,1375;
2017-09-04;,8;923,483333;13,033333;21,6;16,183333;12,5;83,166667;57;11,5;3,725;
2017-09-05;0;922,7375;13,5;23,3;16,783333;12,2;82,416667;56;9,6;2,666667;
2017-09-06;0;921,979167;14,7;23,7;18,2125;15;81,125;59;7,5;2,3625;
2017-09-07;0;921,2125;15,183333;23,1;18,2;15,3;83,25;65;10,6;2,916667;
2017-09-08;0;920,033333;13,779167;24,4;18,175;14,4;77,791667;45;9,8;2,95;
2017-09-09;0;920,745833;14,666667;24,3;18,35;14,2;80,666667;53;10,6;3,333333;
2017-09-10;1,2;921,295833;15,383333;23,8;18;15,3;85,791667;59;11,3;3,35;
2017-09-11;,4;922,254167;15,075;22,7;17,325;12,9;87,333333;69;11,1;2,833333;
2017-09-12;,4;922,420833;14,325;23,2;17,0375;12,1;85,166667;61;10,2;3,170833;
2017-09-13;5,4;922,995833;15,254167;22,1;17,304167;14,5;88,625;67;9,9;3,2125;
2017-09-14;2,4;923,008333;16,083333;22,5;17,55;14,3;91,541667;69;9,5;2,770833;
2017-09-15;2;923,15;13,525;22,8;17,554167;13,4;79,625;48;10,6;2,691667;
2017-09-16;,2;922,408333;14,404167;20,9;16,691667;13;87,125;66;10,1;2,745833;
2017-09-17;1;921,770833;14,3;24,4;17,725;14,4;82,875;45;9,7;2,766667;
2017-09-18;,6;922,416667;13,975;24,8;18,545833;14,1;76,958333;47;10,5;2,8625;
2017-09-19;0;922,179167;15,166667;23,8;18,433333;15,5;82,666667;49;11;2,920833;
2017-09-20;0;922,733333;14,341667;23,9;17,766667;13,8;82,083333;52;9,7;3,045833;
2017-09-21;5,2;922,358333;15,525;23,3;17,879167;15,6;87,291667;54;10,7;3,266667;
2017-09-22;0;922;14,1875;21,9;16,916667;12,8;84,833333;62;9;2,579167;
2017-09-23;,6;921,55;15,404167;24;17,5625;14,4;88,166667;59;9,2;2,591667;
2017-09-24;1,8;920,579167;15,483333;21,9;16,858333;14,2;92,125;67;9,3;2,670833;
2017-09-25;4;920,8625;13,729167;24,1;17,858333;13,7;78,833333;49;10,7;3,066667;
2017-09-26;0;919,970833;15,329167;22,9;17,979167;14,5;85,333333;63;8,8;2,545833;
2017-09-27;,8;919,433333;16,308333;26,1;19,379167;15,5;84,208333;54;8,8;2,383333;
2017-09-28;0;919,608333;16,804167;28,2;20,7;16,4;80,458333;47;8,8;2,433333;
2017-09-29;,2;918,783333;15,1375;27,5;20,404167;14,7;74,833333;41;11;2,979167;
2017-09-30;0;916,383333;15,15;29;20,958333;15,9;72,708333;36;9,5;2,933333;
2017-10-01;0;915,116667;15,916667;28,8;21,1;16,5;74,416667;42;9,5;2,908333;
2017-10-02;0;915,416667;15,225;30,3;21,533333;16,3;71,875;30;9,6;2,766667;
2017-10-03;0;917,441667;15,654167;29,7;21,045833;15,3;74,208333;33;10;2,9125;
2017-10-04;0;919,025;15,4875;27,2;20,954167;17,2;73,333333;45;10;3,183333;
2017-10-05;0;920,308333;16,404167;25,9;19,666667;16,3;82,708333;53;10,9;2,7125;
2017-10-06;0;920,933333;15,45;26,2;19,470833;13,4;79,25;45;10,2;2,766667;
2017-10-07;0;919,570833;14,841667;26,1;19,65;16,4;75,875;44;9;2,9125;
2017-10-08;0;919,0375;15,4375;26,4;19,616667;15,5;78,291667;52;11,1;2,958333;
2017-10-09;0;918,616667;14,841667;25,9;19,695833;15,1;75,416667;47;9,3;3,129167;
2017-10-10;0;918,175;13,2625;26,3;19,6875;15,2;69,333333;39;9,9;3,05;
2017-10-11;0;917,775;13,608333;27,2;18,933333;11,8;74,5;39;10,7;2,875;
2017-10-12;0;917,770833;14,45;27,9;19,8375;14,2;74,333333;37;10,3;3,129167;
2017-10-13;,2;917,658333;14,875;28,7;19,933333;12;76;41;11;2,766667;
2017-10-14;0;916,995833;16,65;29,3;21,9125;17,4;74,291667;46;9,5;2,741667;
2017-10-15;0;917,529167;16,029167;29,9;21,791667;16,9;72,916667;35;9,7;2,875;
2017-10-16;0;920,3;13,654167;27,4;20,654167;15,4;67,833333;34;12,7;3,9375;
2017-10-17;,4;921,670833;14,491667;25,4;18,683333;14,8;77,916667;49;10,9;3,104167;
2017-10-18;,2;921,216667;14,716667;24,8;18,654167;14,5;79,5;52;10,5;3,329167;
2017-10-19;0;920,029167;15,029167;27,1;20,2125;15,5;74,666667;47;9,5;3,1125;
2017-10-20;0;919,029167;15,454167;31,6;22,3875;17;69,25;27;10,2;2,875;
2017-10-21;0;919,620833;15,9375;30;22,070833;15;71,166667;41;11,1;3,008333;
2017-10-22;0;918,920833;14,958333;31,6;22,820833;16,6;65,083333;34;10,1;2,841667;
2017-10-23;0;917,641667;13,866667;29,3;21,470833;14,9;66,791667;31;12,1;3,083333;
2017-10-24;0;918,716667;15,066667;27,5;20,733333;15,3;72,25;43;11,8;3,325;
2017-10-25;0;918,7875;16,183333;26,8;20,25;16,6;78,791667;51;11,1;3,158333;
2017-10-26;0;917,879167;14,604167;30,3;21,1875;15,5;70,291667;32;8,8;2,9;
2017-10-27;0;916,341667;16,179167;30,7;22,458333;15,8;71,458333;37;11,4;2,716667;
2017-10-28;0;915,266667;14,875;32,9;24,283333;16,6;62,875;20;13,3;2,558333;
2017-10-29;0;914,795833;16,233333;33,3;24,858333;18,3;63,291667;27;9,8;2,3125;
2017-10-30;0;914,0625;15,120833;30,5;23,5375;18,5;62,5;30;8,4;2,508333;
2017-10-31;1,2;913,3;16,004167;32;23,5125;17,4;65,75;36;9;2,466667;
2017-11-01;0;915,191667;18,120833;26,4;22,116667;19,8;78,875;59;10,1;1,966667;
2017-11-02;57,2;919,016667;18,1375;22,5;18,825;18;96,041667;77;10,3;3,379167;
2017-11-03;,2;918,570833;16,641667;24,9;19,4;16,2;85,125;61;11,4;3,5;
2017-11-04;,6;917,6125;16,55;27,8;21,133333;17,1;77,5;46;9,6;2,958333;
2017-11-05;0;916,625;17,45;28,4;21,920833;17;77,583333;48;8,2;2,583333;
2017-11-06;0;915,391667;18,266667;28,7;22,525;18,1;78,583333;51;7,4;2,141667;
2017-11-07;2,8;915,220833;18,1625;22,4;19,454167;17,8;92,5;75;7,2;1,9125;
2017-11-08;8;915,995833;18,208333;22,5;18,7375;17,1;96,833333;80;8,4;2,620833;
2017-11-09;1,6;916,2125;16,741667;27,4;20,6125;16,9;81,125;47;8,7;2,425;
2017-11-10;0;914,9875;17,241667;26,7;21,0375;15,2;80,25;56;8,8;2,575;
2017-11-11;0;912,75;16,6125;30,4;22,304167;16,3;73,125;41;10,6;2,691667;
2017-11-12;7,6;912,4875;19,345833;30,2;23,608333;19,5;78,708333;50;10;2,116667;
2017-11-13;1;913,170833;19,416667;24,2;21,129167;20,3;90;80;10,9;2,466667;
2017-11-14;1,8;915,629167;18,391667;22,9;20,070833;18,3;90,541667;76;7,4;2,033333;
2017-11-15;23,8;917,725;16,108333;24,1;19,379167;16,1;82,625;59;10,5;3,145833;
2017-11-16;0;918,1875;17,116667;26;19,816667;16,5;85,166667;60;9,3;2,466667;
2017-11-17;3,4;916,370833;15,720833;26,9;20,320833;14,5;77,625;43;8,3;1,958333;
2017-11-18;0;914,691667;15,995833;27,6;20,904167;15,7;75,375;50;7,8;2,820833;
2017-11-19;0;914,2375;16,804167;29,5;21,741667;15,7;75,625;46;7,6;2,370833;
2017-11-20;0;915,075;18,3125;28,1;22,095833;18,3;80,625;56;7,9;1,804167;
2017-11-21;0;915,595833;17,029167;28,7;22,179167;16,9;74,666667;45;9;2,7125;
2017-11-22;0;914,566667;15,254167;30,4;22,225;15,4;69,166667;31;11,1;2,858333;
2017-11-23;0;915,15;17,275;34,9;22,670833;17,7;72,916667;18;7,9;2,46087;
2017-11-24;2;917,620833;17,491667;27,3;21,6375;16,8;79;51;9,7;2,7875;
2017-11-25;0;918,204167;17,070833;27,3;20,520833;15,8;82,208333;54;10,8;2,870833;
2017-11-26;1,6;917,779167;15,954167;28;20,358333;14,8;78,625;43;8,7;2,325;
2017-11-27;0;917,795833;16,079167;28,4;20,908333;14,7;76,333333;47;8,4;2,633333;
2017-11-28;0;916,804167;15,5125;29,4;21,916667;14,8;70,875;37;10,4;2,2625;
2017-11-29;0;915,020833;14,875;30,9;22,375;16;66,416667;32;11,2;3,058333;
2017-11-30;0;914,125;16,891667;28,6;22,508333;18,1;72,291667;45;7,2;2,270833;
2017-12-01;0;914,25;17,020833;28,7;22,65;17,1;72,375;49;9;2,5125;
2017-12-02;0;915,725;18,595833;24,1;20,733333;19,3;87,916667;68;8;1,958333;
2017-12-03;2,8;915,1375;18,725;27,8;22,283333;19,1;81,916667;55;7,7;2,045833;
2017-12-04;,2;914,55;16,2625;32,7;24,966667;18,7;64,625;21;9,2;2,45;
2017-12-05;0;915,033333;17,65;34,1;24,754167;18,3;68,833333;30;9,8;1,941667;
2017-12-06;,4;914,916667;19,179167;28,9;23,004167;19,6;80,916667;51;8,8;2,154167;
2017-12-07;,2;914,295833;19,329167;28,1;22,454167;19,3;83,958333;57;8,3;1,758333;
2017-12-08;2;913,095833;19,4375;22,7;20,8875;19,6;91,541667;83;6,9;1,641667;
2017-12-09;10,8;911,620833;19,454167;28,5;22,783333;19,5;82,625;56;11,4;2,825;
2017-12-10;8;910,491667;19,675;27,8;22,545833;19,2;84,583333;62;12,9;3,5125;
2017-12-11;4,8;912,4;18,970833;27;22,275;19,5;82,583333;57;13,1;3,420833;
2017-12-12;29,2;914,875;20,004167;28,4;22,833333;19,1;85,166667;58;7,7;1,304167;
2017-12-13;49,4;916,954167;19,9;23,5;20,925;18,6;94,083333;77;11,6;1,683333;
2017-12-14;,6;917,995833;17,95;26,4;20,854167;18,4;85,125;51;6,3;1,5125;
2017-12-15;0;917,704167;17,854167;25,8;20,475;16,8;85,958333;56;7,6;2,104167;
2017-12-16;,2;917,216667;16,091667;28;21,5625;16,7;74,083333;42;8,8;2,504167;
2017-12-17;0;917,904167;17,220833;27,7;20,8125;15,5;81,625;47;10,2;2,7125;
2017-12-18;0;918,2125;17,966667;26,6;21,020833;17,2;83,75;59;8,5;2,2125;
2017-12-19;,4;918,5;18,095833;26,7;21,279167;17,1;83,75;56;9,2;2,95;
2017-12-20;1,4;917,229167;16,7;26,6;20,983333;17,4;78,75;48;9,7;2,829167;
2017-12-21;0;916,520833;16,591667;27,9;21,583333;17,3;75,416667;48;8;1,904167;
2017-12-22;0;916,9375;17,4625;28,4;21,816667;16,3;78,375;45;7,5;2,175;
2017-12-23;0;917,045833;18,570833;27,8;22,029167;19,2;81,625;56;9,3;2,566667;
2017-12-24;,2;915,8;17,291667;28,8;21,675;15,3;78,333333;50;8;2,154167;
2017-12-25;0;914,858333;17,154167;28,6;21,6125;16,5;78,208333;46;8,7;2,083333;
2017-12-26;0;915,491667;16,9;28,6;21,725;16,2;76,958333;47;8,6;1,820833;
2017-12-27;0;915,8;16,8375;28,6;21,995833;15,6;75,458333;45;8,4;2,091667;
2017-12-28;0;915,229167;17,275;29,5;22,25;16,3;75,708333;49;7,4;2,091667;
2017-12-29;0;915,370833;17,8375;31,7;23,079167;17,2;74,958333;41;8,3;2,120833;
2017-12-30;0;915,8;17,470833;30,4;22,645833;16,7;75,166667;42;8;2,183333;
2017-12-31;0;916,545833;17,720833;30,3;22,85;16,8;75,416667;44;9,7;2,258333;
2018-01-01;0;915,7375;17,820833;32,1;23,770833;18,5;73,125;36;7,4;2,016667;
2018-01-02;0;913,4625;17,445833;33,3;24,8375;18,9;67,25;32;7;1,816667;
2018-01-03;0;913,745833;18,4375;31,4;23,533333;20,3;74,958333;47;14,1;1,854167;
2018-01-04;99,4;916,125;19,425;28;21,9875;18;86,375;60;5,9;1,720833;
2018-01-05;1;918,104167;17,8125;29,1;22,829167;17,7;76,208333;44;9,1;2,433333;
2018-01-06;0;917,545833;16,945833;28,4;21,6875;16,6;76,916667;49;7,2;1,858333;
2018-01-07;0;916,666667;16,029167;29,8;22,504167;16,5;71,166667;33;9,2;2,220833;
2018-01-08;0;917,8;16,466667;28,2;21,866667;15,8;73,791667;47;10,6;2,595833;
2018-01-09;0;919,104167;17,645833;27,3;20,666667;16,7;84,083333;54;9,4;2,4;
2018-01-10;4,6;919,2375;18,920833;25,8;20,720833;18,3;90,041667;65;15;2,833333;
2018-01-11;,6;919,083333;17,483333;24,2;19,2;15,8;90,291667;64;9,2;2,116667;
2018-01-12;1,6;917,125;17,925;28,1;21,570833;17,3;81,625;51;9;2,025;
2018-01-13;0;916,533333;17,679167;28,5;22,404167;17,9;76,708333;49;8,5;2,333333;
2018-01-14;0;917,5875;18,2625;28,6;21,504167;17,2;82,791667;52;9,2;2,129167;
2018-01-15;0;918,191667;17,254167;28,5;22,325;17,2;75,5;43;9;2,541667;
2018-01-16;0;918,8875;16,045833;27,9;21,079167;14,3;75,666667;37;8,3;2,670833;
2018-01-17;0;918,558333;16,05;28;20,966667;14,5;76,125;45;10,5;2,6125;
2018-01-18;,2;918,8625;17,1;26,7;20,275;15,4;83,583333;54;11,3;2,3375;
2018-01-19;,8;918,4875;16,508333;28,1;21,433333;16,5;76,375;45;10;2,516667;
2018-01-20;0;917,420833;16,379167;29,5;22,504167;16,1;71,791667;38;8,8;2,204167;
2018-01-21;0;916,65;16,291667;29,4;22,679167;16,4;71,125;37;9,8;2,55;
2018-01-22;0;915,504167;17,075;29,9;22,325;16,6;75,5;37;8,6;2,775;
2018-01-23;0;916,070833;16,05;28,1;21,575;15,4;73,625;40;9,1;2,8375;
2018-01-24;0;915,654167;16,6125;29,7;21,316667;14,8;77,5;41;9,3;2,429167;
2018-01-25;,2;914,8375;17,841667;27,6;21,170833;17,9;82,416667;55;8,7;1,958333;
2018-01-26;4;914,291667;17,279167;30,5;22,541667;16,3;75,625;37;7,3;1,883333;
2018-01-27;,2;914,075;18,2;29,8;23,495833;17,8;74,75;44;7,1;1,920833;
2018-01-28;0;914,345833;19,0625;28,6;21,55;17;86,708333;54;8,6;2,016667;
2018-01-29;2,6;913,633333;17,25;29,9;22,458333;17;75,166667;45;9,4;1,995833;
2018-01-30;0;912,675;17,320833;28,8;22,120833;16,6;76,208333;51;7,8;2,316667;
2018-01-31;0;913,333333;18,854167;29,9;22,883333;19,4;79,791667;48;10;2,958333;
2018-02-01;4,8;914,129167;18,366667;29,8;22,995833;18,8;77,708333;44;9,9;2,320833;
2018-02-02;0;912,866667;17,2125;31,3;23,5375;18,7;71,083333;37;9,1;2,145833;
2018-02-03;9,8;912,15;19,579167;26,3;21,8125;18,8;87,541667;70;8,1;1,791667;
2018-02-04;18,6;913,954167;18,308333;24,7;20,525;17,7;87,958333;66;8,8;2,15;
2018-02-05;4,4;913,922727;19,113636;27;21,277273;18,4;88,363636;62;9,4;2,422727;
2018-02-06;0;914,105;19,585;25,6;null;19;91;73;7,8;1,84;
2018-02-07;null;914,866667;20,229167;23,9;21,154167;19,2;94,625;81;6,3;1,541667;
2018-02-08;5,6;915,147619;19,852381;26,6;null;19,1;89,285714;67;8,3;2,061905;
2018-02-09;null;null;null;26,9;null;20,2;89,764706;56;7,4;null;
2018-02-10;null;null;null;26,5;null;17,6;89,941176;64;8,8;null;
2018-02-11;null;null;null;null;null;16,8;86,133333;54;6,5;null;
2018-02-12;null;null;null;26,5;null;16,2;87,5;55;7,6;null;
2018-02-13;null;null;null;26,3;null;15;89,588235;62;6,8;null;
2018-02-14;null;917,972222;18,094444;23,1;null;15,1;94,444444;75;10;2,172222;
2018-02-15;null;918,933333;18,161111;20,9;null;17,5;95,333333;89;7,8;null;
2018-02-16;null;null;null;25,2;null;17,5;96,705882;71;9,7;null;
2018-02-17;null;917,89;18,385;23,8;null;17,7;91,5;72;9,2;2,189474;
2018-02-18;null;null;null;26;null;16,4;88,941176;62;7;null;
2018-02-19;null;null;null;27;null;16,5;88;59;7,1;null;
2018-02-20;null;914,752632;18,321053;27,1;null;17,5;84,894737;59;5,7;1,544444;
2018-02-21;null;914,395238;18,295238;28;null;17,6;81,952381;53;7,2;2,035;
2018-02-22;null;914,122222;18,188889;30,7;null;17,9;82,888889;41;7,5;null;
2018-02-23;null;915,194737;19,015789;29,6;null;19,2;80,789474;54;8;1,694444;
2018-02-24;null;915,515;19,685;29;null;20,2;85,2;54;7;1,863158;
2018-02-25;null;916,057143;19,942857;24,1;null;19,8;94,380952;80;10,1;2,295238;
2018-02-26;null;917,036842;18,342105;27,2;null;15,4;89,157895;58;7,4;1,572222;
2018-02-27;null;916,911111;17,977778;27,7;null;18,1;84,555556;55;7,4;null;
2018-02-28;null;null;null;29;null;16,9;84,75;44;8,3;null;
2018-03-01;null;null;null;28,9;null;16,9;82,1875;38;7,6;null;
2018-03-02;null;null;null;30,3;null;15,4;75,176471;15;7,4;null;
2018-03-03;null;null;null;30,1;null;16,5;78,764706;43;8,5;null;
2018-03-04;null;913,861905;18,147619;30,9;null;18,2;76,952381;45;7;2,1;
2018-03-05;null;913,385;18,735;32,7;null;18,5;79,4;39;11,4;1,55;
2018-03-06;null;913,557143;19,395238;32,6;null;20,2;77,857143;38;10,2;1,652632;
2018-03-07;null;913,7125;20,395833;27,3;23,4625;21;83,375;63;5,8;1,533333;
2018-03-08;0;914,145;20,04;29,4;null;18,8;88,1;57;9,2;1,43;
2018-03-09;null;914,988889;19,905556;31,3;null;19,5;83,277778;41;7,5;1,65;
2018-03-10;null;915,386957;20,382609;28,9;23,795652;20,4;82,26087;54;7,4;1,847826;
2018-03-11;1,8;914,8;20,056522;24,8;22,278261;19,1;87,956522;78;11,8;2,069565;
2018-03-12;1;913,490476;20,661905;26,6;null;20,8;88,333333;73;6,9;2,080952;
2018-03-13;7,2;915,01;20,55;29,4;null;20,8;88,7;56;8,1;1,852632;
2018-03-14;null;916,385714;20,828571;26,1;null;20,2;91,047619;74;7,8;1,37;
2018-03-15;null;916,852632;19,510526;30,3;null;18,2;85;45;7,2;1,663158;
2018-03-16;null;916,266667;19,761905;29,7;null;20,2;87,238095;51;9,2;1,766667;
2018-03-17;null;915,234783;20,317391;26;21,991304;19,6;90,782609;71;6;1,781818;
2018-03-18;4,8;914,740909;19,263636;23,9;21,027273;18,2;90,090909;74;6,5;1,304762;
2018-03-19;null;914,572222;18,088889;27,9;null;17;86,777778;53;6,7;null;
2018-03-20;null;915,228571;17,895238;28,2;null;16,7;80,857143;52;6,6;1,805263;
2018-03-21;,2;915,81;18,58;26,6;null;18,4;85,05;60;7,5;2,052632;
2018-03-22;null;915,438095;18,661905;27,4;null;17,9;85,428571;58;7,7;1,955;
2018-03-23;null;916,226087;18;25,4;20,917391;17,5;84,434783;63;12,5;2,661905;
2018-03-24;,4;917,052632;18,478947;27,4;null;17,7;92,789474;59;9,5;2,352632;
2018-03-25;null;917,528571;17,714286;26,1;null;17,1;88,238095;54;10,4;2,390476;
2018-03-26;null;917,747619;17,442857;24,4;null;14,2;91,190476;74;9,6;1,942857;
2018-03-27;null;918,347368;17,621053;27;null;15,7;91,421053;55;8,8;2,077778;
2018-03-28;null;917,421053;18,663158;23,4;null;17,7;97,210526;82;6,9;2,316667;
2018-03-29;null;916,985714;18,647619;25,6;null;18,1;92,285714;68;10,5;2,57;
2018-03-30;null;916,545455;18,418182;24,6;20,504545;17,4;88,5;67;6,8;1,980952;
2018-03-31;0;916,357895;17,647368;27,2;null;16,6;86,894737;58;7,7;2,105263;
2018-04-01;null;915,389474;17,421053;27,4;null;16,7;84,421053;51;8,8;2,3;
2018-04-02;null;915,02381;17,304762;28,1;null;15,8;81,952381;51;7,7;1,733333;
2018-04-03;null;913,52381;17,385714;30,7;null;17;76,952381;39;6,4;1,938095;
2018-04-04;,2;913,12;18,23;29,4;null;17,8;81,9;54;7,7;1,95;
2018-04-05;null;913,184211;17,984211;29,4;null;18,4;81,368421;46;7;2,3;
2018-04-06;null;914,194737;17,284211;28,9;null;16,5;81,947368;50;6,9;1,947368;
2018-04-07;null;915,66;16,46;29,2;null;15,1;78,15;39;6,9;2,095;
2018-04-08;null;916,74;15,845;28,1;null;15,5;76,7;41;9,6;1,961111;
2018-04-09;null;917,233333;17,77619;25,4;null;17,9;87,095238;62;10,3;2,395238;
2018-04-10;null;917,66;18,01;25,4;null;18;89,4;57;8,5;2,44;
2018-04-11;null;918,031818;17,372727;23,7;18,931818;17;91,409091;67;11,2;3,272727;
2018-04-12;null;918,118182;18,531818;23,2;19,290909;17,3;95,772727;78;9;2,213636;
2018-04-13;9,4;918,68;18,41;26,3;null;17,7;90,1;58;7,6;1,831579;
2018-04-14;null;919,841667;19,016667;23,2;19,783333;17,5;95,541667;82;8,9;2,047826;
2018-04-15;2,4;920,052174;18,547826;25,2;20,126087;18,1;91,347826;63;7,9;2,419048;
2018-04-16;2,4;918,826316;17,542105;25,1;null;17,2;89,789474;60;7;null;
2018-04-17;null;919,738095;17,57619;22,2;null;16;95,952381;79;11,5;2,919048;
2018-04-18;null;921,565;16,6;21,6;null;15,7;92,45;75;9,9;2,821053;
2018-04-19;null;921,415;16,855;23,8;null;16,5;89,8;69;9,4;3,133333;
2018-04-20;null;919,931579;17,447368;24;null;16,6;92,894737;69;7,9;2,594444;
2018-04-21;null;918,004762;16,252381;23,2;null;16,5;84,333333;66;8,3;2,57;
2018-04-22;0;918,015;16,15;24,4;null;16,8;85,3;58;8,6;2,352632;
2018-04-23;null;919,07619;18,019048;23,1;null;17,4;95,52381;79;9,2;2,233333;
2018-04-24;null;919,519048;17,309524;25,6;null;17,2;86,904762;56;8,6;2,39;
2018-04-25;null;919,904545;18,081818;25,9;20,127273;16,8;89,045455;63;8,3;2,22;
2018-04-26;null;919,214286;18,27619;24,6;null;17,7;89,857143;71;7;2,295;
2018-04-27;0;918,855;18,285;26,3;null;17,9;87,85;58;8,1;2,315;
2018-04-28;null;919,471429;18,209524;24,8;null;17,4;87,571429;67;8,5;2,268421;
2018-04-29;0;919,809524;17,2;22,3;null;17,5;91,142857;75;9,5;2,605263;
2018-04-30;null;919,829167;16,866667;22,2;18,675;15,4;89,625;73;6,2;2,379167;
2018-05-01;0;919,62381;18,019048;27,1;null;17,4;86,857143;57;8;2,109524;
2018-05-02;null;920,004762;18,547619;23,1;null;18,4;91,380952;77;8,8;2,580952;
2018-05-03;null;919,81;18,97;24;null;18,2;96,25;74;7,4;2,278947;
2018-05-04;null;919,431818;17,318182;24,7;19,995455;17,6;85,681818;60;9,6;2,67;
2018-05-05;null;919,663636;17,322727;25,9;19,677273;16,5;87,590909;59;9,2;2,486364;
2018-05-06;,2;920,025;16,39;24,9;null;16,4;86,85;61;9,8;2,765;
2018-05-07;null;919,838095;16,328571;25,6;null;15,3;86,095238;55;9,6;2,452381;
2018-05-08;null;919,222727;15,518182;25;19,190909;15,7;81,181818;50;8,6;2,255;
2018-05-09;null;919,157143;13,933333;24,5;null;13,2;79,666667;47;11,9;2,32381;
2018-05-10;,6;919,547619;16,161905;20,8;null;14;94,904762;76;9,4;2,3;
2018-05-11;1,4;919,654545;16,581818;25,1;18,895455;15,5;87,727273;61;9,5;2,352381;
2018-05-12;null;917,747368;17,852632;27;null;17;85,473684;59;7;2,073684;
2018-05-13;null;917,518182;17,422727;28,1;20,563636;16,7;83,772727;51;6,7;1,852381;
2018-05-14;0;918,495455;17,345455;28,1;20,490909;16,2;84,545455;47;9,7;2,66;
2018-05-15;1;918,990909;17,263636;25,5;18,645455;16,9;93;56;11,9;1,785;
2018-05-16;1,6;918,770833;17,570833;22,8;18,075;14,4;97;76;5,6;1,165217;
2018-05-17;8,2;918,013636;18,713636;25,9;20,309091;18,1;91,409091;67;7,7;1,861905;
2018-05-18;,2;918,104762;17,404762;26,3;null;16,4;86,380952;56;7,5;1,985714;
2018-05-19;null;917,222727;17,109091;25,6;19,659091;16,8;86,181818;59;6,7;1,957143;
2018-05-20;null;915,014286;15,57619;30,3;null;15,9;69,904762;38;7,8;2,309524;
2018-05-21;null;916,59;18,715;27,3;null;17,6;85,85;60;8,1;2,03;
2018-05-22;null;919,128571;18,047619;25,9;null;17,2;86,190476;60;8,8;2,889474;
2018-05-23;,2;920,217391;18,869565;22,6;19,582609;18,4;95,913043;82;8,4;2,39;
2018-05-24;2,4;921,890909;17,381818;19,6;17,586364;15,9;98,727273;94;10,6;2,240909;
2018-05-25;4,8;921;15,25;21,7;null;15,7;89,4;65;10,6;3,29;
2018-05-26;null;920,490909;15,686364;21,6;16,95;14,4;92,636364;70;8;2,8;
2018-05-27;4;921,02381;16,590476;18,9;null;15,8;98,142857;88;9,7;3,5;
2018-05-28;null;921,7;16,747826;19,3;16,843478;16,1;99,434783;93;12,9;3,782609;
2018-05-29;3,8;922,045455;15,827273;20,9;17,018182;16,1;92,954545;72;9,3;3,313636;
2018-05-30;null;920,9;14,62;22;null;14,3;87,75;63;7,9;2,605;
2018-05-31;null;919,395455;15,281818;23,2;17,418182;13,6;88,136364;62;8,3;2,29;
2018-06-01;0;919,022727;16,122727;23,7;17,927273;13,7;90,045455;67;7,5;1,526316;
2018-06-02;,2;919,725;18,291667;22,7;18,858333;16,4;96,708333;82;7,2;1,783333;
2018-06-03;1,8;920,569565;18,882609;23,9;19,869565;17,9;94,347826;74;6,3;1,786957;
2018-06-04;,2;920,957143;18,052381;22,5;null;18,3;92,952381;73;9,6;3;
2018-06-05;null;919,469565;16,9;19,5;17,269565;16,5;97,782609;88;9,9;2,718182;
2018-06-06;,4;918,281818;16,509091;23;18,086364;16,2;91,227273;67;6;1,895455;
2018-06-07;0;919,154545;16,759091;28,2;19,677273;15,5;86;45;7,2;1,977273;
2018-06-08;null;919,719048;17,080952;28,9;null;16,5;81,047619;41;6,4;1,87619;
2018-06-09;,2;920,83;17,1;25,8;null;16,3;87,8;57;9,2;2,01;
2018-06-10;null;921;18,145455;25;19,231818;17,6;94,363636;65;9,3;2,02381;
2018-06-11;10;920,4;17,459091;22,3;18,322727;16,8;95,136364;74;6,5;1,790476;
2018-06-12;null;920,290909;16,127273;25,8;19,131818;15,9;84,818182;51;9;1,461905;
2018-06-13;null;920,461905;15,97619;25,1;null;13;87;56;7,4;1,709524;
2018-06-14;,2;921,063636;15,090909;24,7;17,531818;11,9;87,772727;50;7,1;1,685714;
2018-06-15;null;922,171429;13,595238;23,4;null;13;80,571429;42;9,9;2;
2018-06-16;0;922,878261;15,386957;21,1;17,273913;12,5;89,217391;73;6,8;2,172727;
2018-06-17;3,2;923,355;15,24;22,9;null;14,2;87,85;57;10,2;2,785;
2018-06-18;null;923,842857;15,12381;22,4;null;14,6;86,285714;62;8,6;2,42381;
2018-06-19;0;923,690909;15,786364;21,7;17,122727;15,2;92,090909;72;8,8;2,995455;
2018-06-20;4,2;923,26087;16,295652;18,3;16,5;15,2;98,652174;91;9,3;2,952174;
2018-06-21;2;922,554545;15,236364;22,9;17,063636;14,4;90,454545;60;9;2,538095;
2018-06-22;null;921,972727;15,381818;21,8;16,5;12;93,863636;71;5,6;1,066667;
2018-06-23;,2;921,004545;16,327273;23,4;17,809091;12,6;91,772727;66;7,5;1,604762;
2018-06-24;null;920,880952;15,414286;24,9;null;12,8;86,809524;53;7,8;1,795;
2018-06-25;,2;920,114286;15,633333;24;null;13,2;87,952381;56;8,6;2,225;
2018-06-26;null;919,615789;14,994737;22,4;null;11,7;92,473684;66;7,3;1,715789;
2018-06-27;null;920,245;14,835;24,2;null;12,4;86,2;56;7,5;1,95;
2018-06-28;null;920,728571;14,809524;23,3;null;15;84,714286;52;10,2;2,535;
2018-06-29;null;920,01;15,58;20,2;null;13,4;95,6;85;7,9;2,065;
2018-06-30;null;918,640909;16,259091;23,3;18,05;15,6;90,181818;62;9;2,02381;
2018-07-01;,2;918,14;16,585;23,6;null;14,9;92,8;66;8,1;1,995;
2018-07-02;null;918,585714;16,633333;24,4;null;16,2;90,619048;59;7,1;2,190476;
2018-07-03;null;918,831818;15,195455;25,4;18,072727;13;85,545455;52;7,8;1,895238;
2018-07-04;null;919,345455;14,536364;24,3;18,577273;15,5;80,227273;46;9,9;2,609091;
2018-07-05;null;920,565;14,565;22,7;null;14,3;86;56;8,6;2,184211;
2018-07-06;null;920,6;14,635;24,1;null;13,5;85,1;57;7,4;1,87;
2018-07-07;null;920,766667;13,828571;24,1;null;13,5;80,238095;49;8,8;2,26;
2018-07-08;0;920,280952;15,67619;24,8;null;13,4;88,666667;61;7,7;1,235;
2018-07-09;null;920,045455;15,222727;24,9;18,895455;14,9;81,954545;50;7,4;1,831818;
2018-07-10;null;920,252381;12,904762;25,5;null;10,7;78,714286;37;8,1;2,009524;
2018-07-11;null;920,052381;12,533333;26,3;null;10,4;75,761905;34;7,8;2,142857;
2018-07-12;,2;921,771429;14,090476;24,1;null;10,9;85;56;10;1,971429;
2018-07-13;0;922,186364;15,613636;22,2;17,881818;15,8;87,227273;61;7,5;2,554545;
2018-07-14;null;920,880952;15,171429;24,8;null;15;83,52381;52;7,8;2,328571;
2018-07-15;null;921,165;14,895;24,3;null;14;82,55;54;9,3;1,957895;
2018-07-16;null;922,34;14,67;23,5;null;12,9;85,2;58;8,7;1,975;
2018-07-17;2;922,430435;16,6;22,7;17,534783;15,9;94,695652;69;8,3;2,436364;
2018-07-18;5;922,163636;15,177273;24,1;17,790909;14,4;86,772727;52;10,8;2,754545;
2018-07-19;,6;921,028571;14,619048;23,3;null;15,1;85,904762;54;8,9;2,538095;
2018-07-20;2;920,478261;15,565217;22,2;17,043478;15,2;91,913043;62;8,8;2,25;
2018-07-21;,4;920,863636;15,259091;21,5;15,909091;12,1;96,090909;76;7,2;1,395455;
2018-07-22;null;921,08;13,205;22,5;null;11,3;85,05;54;10,3;2,389474;
2018-07-23;null;921,885;14,725;23,6;null;15;85,15;55;10,1;2,535;
2018-07-24;null;922,4;14,686364;22,1;17;13,4;87,409091;60;10,3;2,918182;
2018-07-25;null;923,271429;14,271429;22,6;null;13;88,857143;55;10,3;2,814286;
2018-07-26;0;922,995238;14,214286;23;null;14,4;87,238095;55;8,1;2,5;
2018-07-27;null;922,159091;13,7;23,9;17,15;13,5;82,5;49;7,4;2,454545;
2018-07-28;,2;921,268182;13,640909;24,4;17,259091;13,2;82,272727;46;9,2;2,281818;
2018-07-29;null;920,385714;13,019048;24,6;null;11,4;79,047619;42;7,7;2,447619;
2018-07-30;null;919,409524;13,085714;25,9;null;12;78,714286;35;7,3;2,466667;
2018-07-31;null;919,219048;15,4;25,9;null;14,4;81,47619;52;6,4;1,665;
2018-08-01;,2;918,431818;15,318182;26,7;18,35;14,2;84,772727;48;9,2;2,627273;
2018-08-02;null;919,109524;14,919048;26,4;null;15;79,190476;43;8,3;2,147619;
2018-08-03;null;918,72381;14,380952;27,5;null;13,3;75,761905;39;7,8;2,295238;
2018-08-04;null;918,17619;13,819048;27,8;null;12,1;75,047619;37;8,3;2,080952;
2018-08-05;null;917,62381;15,438095;29,7;null;14,5;76,666667;35;7,5;1,980952;
2018-08-06;null;919,680952;15,604762;28,2;null;12,2;79,428571;46;9,3;2,12381;
2018-08-07;0;920,740909;15,681818;26;19,295455;15,3;81,636364;52;9,3;2,172727;
2018-08-08;0;921,914286;15,485714;24,7;null;15;84,619048;52;8,1;2,038095;
2018-08-09;null;920,613636;14,690909;27;18,431818;12,4;81,727273;46;8,3;1,931818;
2018-08-10;null;918,772727;15,436364;29,9;20,668182;14,7;76,454545;36;7,3;2,095455;
2018-08-11;null;918,436364;15,940909;30,3;21,959091;16;72,5;36;6,5;1,828571;
2018-08-12;0;917,925;16,370833;31,4;23,358333;19,1;67,125;32;9;2,66087;
2018-08-13;0;918,195;17,22;26,4;null;16,3;84,25;57;8,9;1,97;
2018-08-14;null;918,736364;17,072727;26,4;20,222727;17,5;83,909091;55;7,6;2,359091;
2018-08-15;0;919,777273;15,595455;27,8;20,027273;14,2;78,590909;44;8,7;2,245455;
2018-08-16;0;921,990909;16,031818;26,8;19,877273;14,2;80,727273;50;10,7;2,590476;
2018-08-17;0;923,830435;16,23913;19,4;17,782609;17,1;90,73913;80;8,2;2,726087;
2018-08-18;0;922,866667;14,995238;21,7;null;15,8;86,714286;64;9;2,852381;
2018-08-19;null;922,857143;15,290476;22,5;null;15,7;87,47619;62;8;2,980952;
2018-08-20;null;923,271429;14,67619;22,9;null;14,5;82,238095;61;9,1;2,895;
2018-08-21;,8;923,056522;16,630435;23,6;17,956522;15,9;92,652174;65;9,3;3,017391;
2018-08-22;1,6;922,085714;15,966667;25,8;null;15,9;85,857143;52;9,2;2,861905;
2018-08-23;null;920,466667;15,219048;26,4;null;15,5;77,714286;45;9,6;2,728571;
2018-08-24;0;920,656522;15,130435;26;19,247826;14,1;79,130435;47;9,6;2,447619;
2018-08-25;0;921,013636;14,540909;27,2;19,45;13,3;75,909091;43;9,8;2,331818;
2018-08-26;null;921,028571;13,495238;25,9;null;11;76,809524;39;10,8;2,533333;
2018-08-27;null;921,142857;13,095238;25;null;13,8;75,809524;41;13,3;2,933333;
2018-08-28;3,4;922,327273;15,831818;23,3;17,486364;15,1;90,863636;65;11;3,49;
2018-08-29;null;922,385714;14,319048;24;null;14,6;82,904762;40;12,3;3,26;
2018-08-30;null;920,680952;14,109524;24,8;null;15;78,952381;46;10,8;3,252381;
2018-08-31;,2;919,872727;15,181818;21,3;16,759091;13,9;90,863636;72;9,3;2,505;
2018-09-01;null;919,461905;14,857143;25,8;null;11,7;84,047619;51;8,9;2,25;
2018-09-02;null;919,395455;12,081818;25,5;18,336364;12,3;72,409091;30;9,5;2,459091;
2018-09-03;,2;917,531818;13,3;29,3;19,65;12,2;72,590909;28;8;1,97619;
2018-09-04;0;914,354545;15,286364;31,2;21,559091;15,1;72,681818;27;9,7;3,633333;
2018-09-05;0;916,304762;16,447619;30,9;null;15,2;76,142857;34;10;2,409524;
2018-09-06;0;920,365217;17,113043;24,1;19,613043;17,7;86,173913;64;9,7;3,313636;
2018-09-07;,6;920,857143;15,985714;24,1;null;15,7;90,142857;58;9,9;3,775;
2018-09-08;null;920,072727;13,586364;24,4;17,809091;14,6;78,227273;51;9,7;3,214286;
2018-09-09;null;919,852381;13,904762;24,6;null;12,8;80,238095;52;9,6;2,742857;
2018-09-10;null;919,313636;14,904545;25,8;19,5;14,5;77,5;47;8,7;2,540909;
2018-09-11;0;918,754545;13,204545;28;20,363636;15,8;68,636364;32;8,6;2,609091;
2018-09-12;null;919,052381;14,666667;26;null;14,6;74,571429;48;11;2,695238;
2018-09-13;0;919,919048;14,752381;22,9;null;15;83,857143;61;8,9;2,995;
2018-09-14;null;918,057143;15,295238;24,1;null;15,1;86,619048;57;9,3;2,7;
2018-09-15;null;916,85;13,677273;29,2;19,913636;11,9;71,863636;34;8,6;2,204545;
2018-09-16;0;916,090909;15,059091;31,5;22,204545;14,8;68,590909;30;11,9;2,609524;
2018-09-17;0;916,604348;15,826087;30,8;22,1;15,5;72,130435;30;9,1;2,536364;
2018-09-18;null;916,972727;15,213636;30,8;22,481818;16,7;69,5;28;10,4;2,6;
2018-09-19;0;917,971429;15,838095;30,3;null;16,7;73,952381;34;8,7;3,033333;
2018-09-20;null;918,880952;15,538095;28,9;null;15,8;74,52381;40;9,4;2,533333;
2018-09-21;null;918,122727;14,345455;30,5;21,640909;15,4;68,227273;32;10,1;3,413636;
2018-09-22;0;916,336364;16,25;30,6;21,854545;16;74,772727;38;8,8;2,581818;
2018-09-23;null;917,17619;16,319048;28,4;null;16,4;74,619048;45;10,1;2,866667;
2018-09-24;0;917,62381;14,890476;28,9;null;14,8;72,190476;34;8,9;2,661905;
2018-09-25;null;917,490909;14,472727;28,6;21,277273;16,4;68,772727;35;11,1;2,718182;
2018-09-26;0;917,47619;15;29,1;null;14,3;73,761905;36;9,7;2,72;
2018-09-27;null;917,314286;14;30,6;null;15;66,238095;28;10,9;2,819048;
2018-09-28;null;916,804545;13,713636;32;22,440909;15,4;64,863636;24;9,2;3;
2018-09-29;0;916,590909;13,081818;30,9;22,222727;14,6;63,909091;23;10;2,713636;
2018-09-30;0;917,281818;14,122727;29,3;21,322727;13,6;69,181818;32;9,8;3,168182;
2018-10-01;0;917,618182;14,759091;28,8;21,009091;14,6;71,863636;37;10,9;2,836364;
2018-10-02;null;917,672727;14,740909;28,3;21,268182;15,1;70,409091;40;9,8;2,640909;
2018-10-03;0;917,090909;15,304545;30,9;22,145455;16;69,136364;36;9,3;2,768182;
2018-10-04;0;916,581818;16,263636;31,2;22,909091;16,1;71,136364;34;9,8;2,504762;
2018-10-05;0;916,9;16,795455;28,5;22,563636;18,9;72,363636;44;10,7;3,027273;
2018-10-06;,2;917,681818;14,440909;28,3;21,977273;16,4;66;36;11,4;2,977273;
2018-10-07;0;918,819048;13,280952;28,6;null;13,4;65,809524;30;10,2;2,671429;
2018-10-08;0;918,533333;15,485714;30,2;null;17,3;72,142857;35;10,6;3,028571;
2018-10-09;null;917,890909;13,327273;30,6;22,631818;16,8;61,863636;23;9,1;2,895455;
2018-10-10;0;916,868182;12,2;30,8;22,072727;15,6;60,227273;26;13;3,527273;
2018-10-11;0;917,404545;12,672727;30,1;21,631818;13,6;61,772727;29;11,8;3,022727;
2018-10-12;0;918,709091;15,809091;27;20,068182;15;78,272727;52;10,7;3,318182;
2018-10-13;null;918,040909;15,85;29,5;21,681818;15,3;73,636364;39;8,5;2,514286;
2018-10-14;0;915,077273;16,013636;32,4;23,527273;16,5;67,727273;32;10,8;2,872727;
2018-10-15;0;914,45;17,636364;31,3;23,763636;18,2;70,590909;46;8,4;2,286364;
2018-10-16;0;915,654167;18,016667;24,8;20,9875;19,1;83,458333;69;7,5;1,826087;
2018-10-17;4,2;916,52381;17,680952;29,5;null;18,2;75,285714;48;10,3;2,404762;
2018-10-18;null;915,890909;15,772727;30,9;22,759091;14,2;68,545455;38;9,2;2,25;
2018-10-19;0;912,977273;16,65;31,4;23,495455;16,6;69,318182;36;7,9;2,104545;
2018-10-20;1;913,55;18,875;28,3;22,183333;18,2;82,541667;58;11,9;2,704348;
2018-10-21;3;916,904545;14,654545;19,7;15,954545;15,4;92,227273;80;11,9;3,6;
2018-10-22;11,8;918,947826;15,886957;19,8;16,36087;13,9;97,173913;84;8;2,15;
2018-10-23;,4;918,240909;16,854545;24,8;19,122727;15,8;87,909091;65;8;2,15;
2018-10-24;null;917,509091;17,731818;31,1;22,054545;17;79,818182;40;11,2;2,627273;
2018-10-25;0;916,67619;17,633333;31,2;null;18,9;74,285714;31;8,3;2,571429;
2018-10-26;null;914,704545;15,55;32,9;24,736364;18,7;61,727273;30;8,9;2,063636;
2018-10-27;0;913,43913;17,73913;31,5;24,652174;21,2;66,956522;40;10;2,465217;
2018-10-28;7,8;914,386957;19,626087;24,9;22,108696;20,4;86,391304;63;6,6;1,721739;
2018-10-29;11,4;916,227273;19,781818;27,4;21,854545;19,7;88,681818;66;9,3;2,52381;
2018-10-30;0;918,352174;19,3;24;20,33913;18,3;94;77;9;2,452174;
2018-10-31;1,4;918,03913;19,73913;26,2;20,773913;18,5;94,347826;70;8,7;2,036364;
2018-11-01;18,8;916,571429;18,304762;28,7;null;18,6;80,809524;52;6,9;1,995238;
2018-11-02;null;914,978261;18,43913;28,8;22,452174;17,9;80,304348;53;10,9;2,427273;
2018-11-03;0;915,327273;16,690909;29,3;22,195455;16,1;74,272727;43;8,4;2,095238;
2018-11-04;null;914,313636;17,531818;30;22,677273;16,8;75,818182;44;7,5;2;
2018-11-05;0;915,020833;19,416667;26;22,2375;19,6;84,291667;70;9,7;2,133333;
2018-11-06;8;916,7625;18,025;22,3;19,495833;17,5;91,458333;78;8,5;2,343478;
2018-11-07;,2;916,704545;17,540909;27,7;21,2;17,9;81,590909;49;9,6;2,681818;
2018-11-08;null;916,668182;18,713636;25,2;20,522727;18,1;89,863636;65;9,6;2,438095;
2018-11-09;14;917,347826;18,730435;22;19,256522;17;96,913043;87;7,8;2,152381;
2018-11-10;3,8;915,572727;17,854545;26,9;20,590909;17,6;85,636364;58;6,4;1,936364;
2018-11-11;16;915,352174;19,217391;21,2;19,395652;18,4;98,913043;91;5,9;1,504348;
2018-11-12;33,8;915,995238;18,914286;25,4;null;17,3;94,904762;64;6,4;1,561905;
2018-11-13;null;916,954545;19,381818;26,8;21,609091;18,5;88,318182;65;7,5;1,940909;
2018-11-14;0;916,391667;19,045833;25,9;21,391667;17,8;86,875;66;7,5;2,108696;
2018-11-15;,6;915,386957;18,182609;27,2;21,752174;17,7;81,521739;58;7,3;2,252174;
2018-11-16;0;916,547826;18,404348;27;21,73913;18,1;82,652174;59;8,8;2,659091;
2018-11-17;0;917,977273;18,131818;28,2;21,295455;17,3;83,727273;53;9,1;2,333333;
2018-11-18;,2;918,545455;17,345455;28,3;21,831818;17;77,954545;46;8,9;2,804545;
2018-11-19;null;917,12381;16,242857;28,6;null;16,6;75,190476;41;9,4;2,333333;
2018-11-20;null;917,445455;16,390909;28,8;21,9;16,5;74,681818;38;12,2;2,277273;
2018-11-21;0;918,33913;17,3;27,9;21,93913;17,4;77,304348;48;9,2;2,945455;
2018-11-22;0;918,245455;17,704545;26,6;21,127273;18,2;81,681818;60;10,5;3,15;
2018-11-23;0;917,422727;16,9;27,5;21,254545;17,8;78,181818;49;10,3;2,619048;
2018-11-24;null;916,957143;16,128571;28,3;null;16,4;74,904762;40;9,4;2,590476;
2018-11-25;0;916,965217;17,782609;24,8;20,06087;16,7;87,695652;63;7,9;2,1;
2018-11-26;12,2;917,013636;17,904545;22,2;18,886364;17,7;94,318182;72;7,7;1,986364;
2018-11-27;3;917,259091;17,127273;24,3;18,986364;16,4;89,909091;65;9,1;2,6;
2018-11-28;1,2;916,818182;17,977273;25,8;19,904545;17,1;89,681818;63;8,8;2,631818;
2018-11-29;,4;916,525;18,529167;24,7;19,9;17;92,125;76;7,2;2,163636;
2018-11-30;22,8;914,366667;18,314286;29;null;17;83,52381;47;10,6;1,947619;
2018-12-01;1,8;913,504545;19,681818;27,6;21,668182;18,1;89,318182;64;7,6;2,019048;
2018-12-02;3,6;913,565217;19,934783;29,2;22,930435;18,9;84,652174;56;8,6;2,26087;
2018-12-03;11;912,322727;20,15;28,3;22,063636;18,6;89,590909;63;11,5;2,113636;
2018-12-04;41,8;912,234783;20,004348;23,5;20,526087;17,9;97,043478;83;8,5;2,078261;
2018-12-05;13,2;913,245833;20,108333;24,5;21,15;18,7;93,958333;77;5,6;1,045833;
2018-12-06;1,8;915,73913;20,221739;25,7;21,204348;19,6;94,652174;71;10,2;1,556522;
2018-12-07;32,2;916,673913;20,382609;30,4;23,408696;19,1;84,956522;53;7,9;1,6;
2018-12-08;0;916,230435;19,869565;30,4;22,426087;20,3;86,652174;52;12;2,734783;
2018-12-09;19,2;920,525;18,154167;21,1;18,395833;17,4;98,541667;86;9,3;2,666667;
2018-12-10;3,8;922,491304;18,33913;22,2;18,691304;17,3;97,913043;84;8,3;2,786957;
2018-12-11;null;921,468182;19,209091;26,1;20,318182;18,2;93,772727;70;11,1;2,390909;
2018-12-12;,6;920,572727;18,245455;26,8;21,177273;17,7;84,818182;56;9,5;2,561905;
2018-12-13;0;919,252174;17,073913;25,8;20,534783;15,6;82,478261;56;8,5;2,281818;
2018-12-14;,2;919,295455;17,318182;27,6;20,8;14,4;82,727273;54;7,8;1,668182;
2018-12-15;0;920,35;18,313636;26,9;20,927273;17,5;86,681818;58;8,9;2,245455;
2018-12-16;,4;920,683333;18,616667;26,6;20,645833;16,8;89,041667;59;10,9;2,077273;
2018-12-17;,8;919,813636;16,959091;27;20,627273;14,9;81,681818;53;8,6;2,061905;
2018-12-18;0;919,417391;17,530435;28;21,278261;15,6;80,956522;56;7,3;2,286364;
2018-12-19;0;917,933333;18,479167;29,4;22,029167;17,4;82,333333;47;7,4;1,75;
2018-12-20;,2;916,595455;17,659091;30,2;22,018182;16,7;79,181818;40;7,3;2,086364;
2018-12-21;0;915,771429;17,714286;30,3;null;15,7;81,142857;46;7,2;2,004762;
2018-12-22;null;915,5;17,786957;29,7;22,343478;16,3;77,565217;48;6,8;1,834783;
2018-12-23;0;915,613043;18,313043;29,3;22,556522;17,7;78,73913;51;7,9;2,118182;
2018-12-24;0;915,652174;18,113043;29,9;23,147826;18;75,391304;47;8;2,217391;
2018-12-25;0;915,590909;19,268182;27,5;22,327273;18,9;83,909091;61;9,2;2,059091;
2018-12-26;1,6;915,516667;19,054167;27,3;22,3375;17,2;82,958333;60;7,4;2,021739;
2018-12-27;0;914,431818;19,390909;29,5;22,563636;18,4;83,636364;54;6,6;1,742857;
2018-12-28;0;915,295455;19,227273;26,9;22,068182;18,9;84,863636;63;6,5;1,922727;
2018-12-29;0;914,981818;18,65;28,9;22,890909;17,5;78,636364;54;7,1;1,972727;
2018-12-30;0;915,621739;20,269565;27,4;21,943478;19,6;90,826087;65;5,5;1,63913;
2018-12-31;2,2;915,918182;16,959091;28,1;21,6;16,4;77,454545;44;9;2,377273;
2019-01-01;0;917,977273;17,690909;30,6;22,681818;16,9;76,318182;40;8;2,5;
2019-01-02;null;919,205263;17,6;29,5;null;15,5;81,789474;47;9,5;2,231579;
2019-01-03;null;918,052174;16,543478;31,1;22;15;75,086957;38;6,5;1,8;
2019-01-04;0;917,65;16,58;30,3;null;16,1;75,7;34;7,9;2,29;
2019-01-05;null;917,13;17,82;31,4;null;16,2;76,85;37;8,9;2,155;
2019-01-06;0;917,766667;17,42381;29,2;null;16;77,238095;46;8,2;1,919048;
2019-01-07;null;918,03913;17,491304;29;22,421739;17,1;76;44;9,9;3,118182;
2019-01-08;0;918,247619;17,190476;27,7;null;16,8;78,714286;53;9,9;2,671429;
2019-01-09;0;917,269565;17,308696;28,1;20,852174;15,7;81,695652;55;10,5;2,35;
2019-01-10;,4;917,409091;18,5;27,8;21,040909;17,8;86,5;56;7,6;2,261905;
2019-01-11;1,2;917,966667;18,209524;29,5;null;17,1;80,571429;45;8,3;2,545;
2019-01-12;null;917,271429;17,52381;30;null;17,4;76,238095;43;9,6;2,552381;
2019-01-13;0;917,765217;16,917391;28,3;21,404348;15,1;78,347826;46;8,4;2,317391;
2019-01-14;0;null;null;29,1;null;17,2;82,705882;51;8;null;
2019-01-15;null;null;null;null;null;null;null;60;7,4;null;
2019-01-16;null;null;null;null;null;null;null;50;7,1;null;
2019-01-17;null;null;null;null;null;null;null;61;8,8;null;
2019-01-18;null;null;null;null;null;null;null;34;8,5;null;
2019-01-19;null;null;null;null;null;null;null;48;9,7;null;
2019-01-20;null;null;null;null;null;null;null;42;8,7;null;
2019-01-21;null;null;null;null;null;null;null;37;9;null;
2019-01-22;null;null;null;null;null;null;null;42;8,9;null;
2019-01-23;null;null;null;null;null;null;null;39;8,5;null;
2019-01-24;null;null;null;null;null;null;null;40;8,9;null;
2019-01-25;null;null;null;null;null;null;null;51;9,9;null;
2019-01-26;null;null;null;null;null;null;null;33;8,3;null;
2019-01-27;null;null;null;null;null;null;null;55;11,2;null;
2019-01-28;null;null;null;null;null;null;null;38;12,1;null;
2019-01-29;null;null;null;null;null;null;81,692308;49;11;null;
2019-01-30;3,4;918,166667;17,7625;29,8;22,304167;17,1;78,375;42;8,5;2,495833;
2019-01-31;0;null;null;31,4;null;15,3;78,352941;37;8,8;null;
2019-02-01;null;null;null;null;null;null;null;38;9,5;null;
2019-02-02;null;null;null;null;null;null;null;48;7,9;null;
2019-02-03;null;null;null;null;null;null;null;null;null;null;
2019-02-04;null;null;null;null;null;null;null;58;5,8;null;
2019-02-05;null;null;null;null;null;null;null;42;6,4;null;
2019-02-06;null;null;null;null;null;null;null;49;6,5;null;
2019-02-07;null;null;null;null;null;null;null;39;7,7;null;
2019-02-08;null;null;null;null;null;null;null;45;7,1;null;
2019-02-09;null;null;null;null;null;null;null;51;8;null;
2019-02-10;null;null;null;null;null;null;null;38;9,3;null;
2019-02-11;null;null;null;null;null;null;null;null;null;null;
2019-02-12;null;null;null;null;null;null;null;39;6,4;null;
2019-02-13;null;null;null;null;null;null;null;null;null;null;
2019-02-14;null;null;null;null;null;null;null;60;6;null;
2019-02-15;null;null;null;null;null;null;null;null;null;null;
2019-02-16;null;null;null;null;null;null;null;null;null;null;
2019-02-17;null;null;null;null;null;null;null;null;null;null;
2019-02-18;null;null;null;null;null;null;null;null;null;null;
2019-02-19;null;null;null;null;null;null;null;null;null;null;
2019-02-20;null;null;null;null;null;null;null;null;null;null;
2019-02-21;null;null;null;null;null;null;null;40;8,9;null;
2019-02-22;null;null;null;null;null;null;null;62;9;null;
2019-02-23;null;null;null;null;null;null;null;null;null;null;
2019-02-24;null;null;null;null;null;null;null;null;null;null;
2019-02-25;null;null;null;null;null;null;null;36;9,4;null;
2019-02-26;0;914,958333;19,683333;32,5;25,066667;19,4;74,416667;40;8,8;2,429167;
2019-02-27;2;916,3625;20,304167;30,8;23,270833;20,1;85;49;5,9;1,241667;
2019-02-28;3;916,966667;20,1625;30;22,9375;19,4;85,75;50;10,2;1,645833;
2019-03-01;2,4;917,629167;18,575;30,1;23,35;18;77,75;39;7,7;1,85;
2019-03-02;0;918;17,183333;29,9;23,183333;17,5;73,125;33;8,6;2,170833;
2019-03-03;0;917,029167;17,4375;30,7;23,395833;17,1;72,833333;34;9,5;2,354167;
2019-03-04;0;917,804167;17,154167;30,2;22,908333;15,4;73,708333;40;7,9;2,179167;
2019-03-05;0;918,929167;18,270833;28,8;21,258333;16,4;84,5;51;9,2;1,8625;
2019-03-06;3,6;919,120833;18,241667;29,3;22,879167;17,2;78;47;8,3;2,254167;
2019-03-07;0;919,279167;18,591667;29,8;22,7;16,2;79,875;49;12,3;2,191667;
2019-03-08;0;918,15;17,466667;30,9;23,270833;15,8;73,833333;38;7,7;1,9125;
2019-03-09;0;916,970833;18,9375;30,5;23,841667;18,5;76,708333;45;9,9;2,354167;
2019-03-10;0;916,129167;16,975;31,7;24,075;18,1;68,5;35;8,4;1,975;
2019-03-11;0;915,829167;15,0375;31,5;23,445833;16,6;62,541667;33;7,5;1,9;
2019-03-12;0;916,583333;16,975;31,3;23,441667;16,9;71;36;8,9;2,358333;
2019-03-13;0;916,929167;17,441667;33;24,329167;18,2;68,25;38;9;2,683333;
2019-03-14;0;916,558333;15,220833;33,6;24,625;15,5;62,333333;26;9,2;2,129167;
2019-03-15;0;915,470833;17,979167;33,1;25,275;18,7;67,875;33;9;2,425;
2019-03-16;0;915,483333;15,3375;33,2;24,8375;16,9;61,916667;26;8,7;2,7125;
2019-03-17;0;915,9125;13,845833;33,1;24,058333;15,1;56,125;29;9,1;2,191667;
2019-03-18;0;914,970833;16,625;33,5;25,4625;17,5;61,833333;33;5,7;1,654167;
2019-03-19;0;913,058333;18,404167;34,6;26,991667;19,8;62,583333;33;8,5;1,8125;
2019-03-20;1,4;912,795833;21,233333;28,4;24,108333;21,6;84,791667;62;8;1,433333;
2019-03-21;7,2;913,5625;20,55;23,1;21,2875;20,5;95,791667;79;11;1,866667;
2019-03-22;6,4;915,1125;20,3125;26,9;21,558333;19,4;93,208333;69;8,3;1,5625;
2019-03-23;2,2;916,483333;20,045833;26,1;21,325;19,3;92,875;72;7,9;2,1875;
2019-03-24;2,2;916,666667;20,004167;25,4;21,208333;19,6;93,291667;75;9,6;1,983333;
2019-03-25;5,4;916,195833;19,995833;26,4;21,416667;18,4;92,416667;67;8,9;1,554167;
2019-03-26;16,6;916,7375;20,7;27,1;21,675;19,9;94,708333;65;9,9;1,45;
2019-03-27;12,4;918,658333;19,758333;27,8;21,541667;18,6;90,416667;63;11,8;2,191667;
2019-03-28;0;919,5625;19,0875;26,5;22,016667;19,5;84,541667;61;8,8;2,525;
2019-03-29;,8;919,075;18,85;27,5;21,708333;19,1;85,291667;54;8,3;2,3375;
2019-03-30;,2;918,729167;18,220833;26,7;21,3875;17,9;83,375;58;8,7;2,775;
2019-03-31;0;917,529167;18,620833;26,2;21,620833;18,8;84;61;7,9;2,5875;
2019-04-01;0;917,095833;17,854167;27;21,133333;17,1;82,416667;60;7,8;2,2875;
2019-04-02;0;917,020833;18,004167;28,1;21,745833;16,9;81,083333;56;7,3;1,75;
2019-04-03;0;916,2;17,516667;28,6;21,545833;15,1;80,375;47;6,8;1,620833;
2019-04-04;0;915,2;17,995833;29,6;21,341667;16,8;82,958333;50;7,7;2,245833;
2019-04-05;20,8;916,441667;18,75;29,4;22,6375;17,2;80,958333;47;7;1,833333;
2019-04-06;,2;917,5875;18,716667;30;22,808333;17,6;80,375;47;7,5;2,141667;
2019-04-07;0;918,770833;19,670833;26,5;21,245833;17,5;91,375;64;11,6;1,5;
2019-04-08;26,8;917,4625;19,516667;28,3;22,391667;18;85,416667;58;5,8;1,5625;
2019-04-09;0;916,0125;19,866667;30,3;22,925;18,2;84,291667;51;6,2;1,7125;
2019-04-10;0;915,65;20,8;28,1;22,366667;20,1;91,583333;63;6,2;1,475;
2019-04-11;34;916,85;19,766667;22,9;20,445833;18,7;96,125;83;7,8;1,466667;
2019-04-12;1,2;917,104167;20,066667;27,5;21,604167;18,3;91,875;63;5,6;1,516667;
2019-04-13;,8;917,208333;20,320833;27,3;22,2;19,2;89,875;66;9,2;2,454167;
2019-04-14;0;917,2875;20,1875;26,8;22,020833;18,7;90,166667;70;8,2;2,241667;
2019-04-15;1;917,779167;20,229167;27,6;22,366667;19,4;89,083333;63;10,9;2,358333;
2019-04-16;,4;917,775;19,7625;27,8;21,945833;18,3;88,583333;59;7,6;2,2125;
2019-04-17;0;916,291667;19,675;29;22,145833;18,3;87,25;57;8,7;1,3625;
2019-04-18;,2;915,1875;19,6;30,4;23,383333;18;82;46;8,1;1,620833;
2019-04-19;1,8;915,858333;19,7;30,2;23,145833;17,4;83,208333;49;10,7;1,8125;
2019-04-20;0;916,779167;20,3375;27,3;22,108333;18,8;90,458333;66;6,9;1,608333;
2019-04-21;3,2;916,5625;19,083333;27,9;22,379167;17,5;83,25;55;7,6;1,95;
2019-04-22;0;916,7875;19,429167;28,5;22,2375;17,3;85,75;58;7,6;2,0125;
2019-04-23;0;918,35;18,904167;27,2;21,829167;18,2;84,791667;60;8;2,425;
2019-04-24;,4;919,345833;17,966667;26,6;21,25;17,1;83,333333;54;9,4;2,320833;
2019-04-25;,2;919,354167;18,65;26,4;20,791667;16,8;88,666667;61;9,3;2,3125;
2019-04-26;1,2;919,154167;19,620833;25;20,4125;18,3;95,541667;76;10,1;2,291667;
2019-04-27;6,8;918,458333;19,041667;25,9;20,858333;18,6;90,25;61;8;1,841667;
2019-04-28;0;916,975;18,279167;28;21,358333;16,7;84,541667;52;5,2;1,429167;
2019-04-29;,2;915,441667;18,2625;30,3;22,85;17,8;78,583333;39;9;2,05;
2019-04-30;0;916,920833;19,35;28,6;23,154167;18,2;80,333333;52;8,5;2,095833;
2019-05-01;0;918,120833;19,945833;26,4;21,925;19,8;89,125;68;7,2;1,895833;
2019-05-02;0;917,2625;19,995833;27,7;22,266667;18,6;88,208333;61;6,3;1,65;
2019-05-03;0;917,9125;20,316667;26,9;21,941667;19,4;91;68;5,9;1,804167;
2019-05-04;5,6;918,529167;19,933333;26,2;20,891667;18,5;94,708333;70;12;2,379167;
2019-05-05;,8;918,820833;19,045833;22,5;19,4875;17;97,333333;87;8,9;2,708333;
2019-05-06;1,4;919,029167;19,2;26;20,879167;18,5;91,125;57;6,6;2,0625;
2019-05-07;,4;917,620833;17,834783;28,7;21,870833;16,4;79,913043;44;6,3;1,408333;
2019-05-08;0;917,820833;18,577273;28,6;21,658333;16,5;82,909091;52;8,6;1,804167;
2019-05-09;0;918,2375;18,895833;25,1;20,7;18,8;89,958333;68;8,4;2,870833;
2019-05-10;0;917,3125;17,904167;24,3;19,729167;16,9;89,75;68;7,5;2,570833;
2019-05-11;,8;917,279167;17,866667;24,9;19,941667;16,6;89;62;7,2;2,141667;
2019-05-12;0;918,345833;18,9625;25,8;20,775;17,8;90;68;8,2;2,391667;
2019-05-13;,2;918,341667;20,15;25,8;21,2;19,2;94;74;6,8;2,0125;
2019-05-14;,2;917,691667;18,458333;26,7;21,495833;17,2;84,375;58;7,6;2,0875;
2019-05-15;0;916,5875;17,4375;27,1;20,529167;15,8;84,333333;54;6,9;1,608333;
2019-05-16;0;917,4;18,291667;26,4;20,929167;17,4;86,041667;59;7,9;2;
2019-05-17;0;917,645833;18,554167;22,2;19,879167;18;92,375;81;8;2,245833;
2019-05-18;,8;917,366667;18,904167;26,8;21,045833;18,5;88,666667;62;5,6;1,3625;
2019-05-19;,2;917,679167;18,604167;27,3;21,4375;18,1;85,166667;62;9,4;1,9;
2019-05-20;0;917,883333;18,791667;28;22,0375;18,3;83,625;54;6,3;1,65;
2019-05-21;0;917,929167;19,195833;26,8;21,654167;19,2;87,208333;61;7,6;1,8625;
2019-05-22;0;917,958333;18,679167;27,7;21,891667;19,2;83,291667;57;7,6;2,1375;
2019-05-23;0;917,645833;16,783333;28,6;21,391667;14,6;78,125;43;8,2;1,854167;
2019-05-24;0;917,095833;16,958333;30,1;21,525;15,4;78,541667;41;7;1,820833;
2019-05-25;0;916,854167;17,045833;30,6;22,433333;16,7;74,833333;39;7,1;2,125;
2019-05-26;0;917,525;15,808333;29,2;22,420833;16,9;68,333333;39;8,3;2,725;
2019-05-27;0;918,920833;16,933333;26,7;20,516667;15,3;81,75;48;9,1;2,2875;
2019-05-28;1,2;918,604167;17,625;26,9;21,208333;16,8;81,625;54;7,9;2,020833;
2019-05-29;0;919,083333;17,679167;27,6;20,941667;15,6;83,583333;54;7;1,695833;
2019-05-30;0;918,616667;18,170833;26,2;20,420833;17,3;87,791667;65;9,9;2,541667;
2019-05-31;,2;917,941667;16,640909;28,9;20,395833;15;80,318182;41;10,2;1,508333;
2019-06-01;0;917,291667;15,745833;28,6;20,879167;15;75,708333;43;7;2,279167;
2019-06-02;0;917,745833;15,0375;28,5;21,7;16,9;69,541667;39;8;2,216667;
2019-06-03;0;919,666667;16,258333;29,3;21,379167;16,9;76,375;35;8,2;1,675;
2019-06-04;0;919,8125;15,695833;29,4;21,429167;15,7;73,458333;36;9,4;2,508333;
2019-06-05;,8;920,970833;16,65;20,7;17,633333;15,3;93,958333;74;8,2;2,35;
2019-06-06;,4;921,4375;14,125;22,7;17,345833;14,6;82,083333;60;11,7;2,9;
2019-06-07;0;921,1125;13,591667;23,9;17,629167;13,3;78,666667;54;10,1;2,716667;
2019-06-08;,4;920,916667;16,2;21,8;17,504167;13,6;92,5;74;7,6;2,058333;
2019-06-09;0;921,325;15,254167;25,4;19,275;15,9;80,166667;39;7,3;2,333333;
2019-06-10;0;922;15,958333;23,3;18,4875;16,1;85,541667;68;10,1;3,045833;
2019-06-11;,8;921,270833;17,070833;25,5;19,308333;16,8;88,291667;54;10,1;2,579167;
2019-06-12;2,2;921,258333;16,954167;23,2;18,808333;17,1;90,041667;60;9,8;2,766667;
2019-06-13;3,4;922,158333;16,9375;25;18,779167;15;90;61;11,3;2,825;
2019-06-14;1,2;922,454167;17,508333;22,6;17,895833;15,7;97,791667;79;8,3;2,25;
2019-06-15;2,2;922,341667;16,508333;23,4;18,045833;15,2;91,833333;66;9,9;2,445833;
2019-06-16;,4;922,370833;16,5;23;17,9625;15,3;91,875;66;10,6;2,595833;
2019-06-17;,8;921,7625;17,3125;23,2;18,3125;15,8;94,25;72;11,5;2,7625;
2019-06-18;6;921,7625;16,754167;22,6;18,454167;16,7;90,458333;70;8,5;2,254167;
2019-06-19;0;921,720833;15,475;25,2;18,816667;15,1;82,833333;53;6,6;1,933333;
2019-06-20;0;921,85;15,270833;25,7;19,2375;14;80,041667;50;7;1,7;
2019-06-21;0;923,991667;14,920833;23,7;17,55;12,4;85,583333;57;12;2,725;
2019-06-22;,4;924,825;16,170833;22,6;17,825;15,7;90,541667;66;10,4;2,8;
2019-06-23;2;922,958333;16,895652;22,7;18,133333;15,5;92,782609;71;7,9;2,166667;
2019-06-24;9,8;920,1375;17,120833;23,4;18,4875;17,1;92,625;64;8,4;2,05;
2019-06-25;1;919,4625;14,694737;25,9;18,770833;12,5;75,421053;42;7,9;1,75;
2019-06-26;,4;920,516667;16,558333;25,1;19,65;14,5;84,041667;56;7,4;1,9375;
2019-06-27;,6;921,508333;null;23,5;17,6;13,8;83,588235;55;8,6;1,9;
2019-06-28;,2;921,1875;16,8625;22,8;17,816667;14,2;94,5;76;10,1;2,2;
2019-06-29;4,6;921,091667;16,5125;23;17,941667;15,8;92,083333;69;10,5;2,625;
2019-06-30;1,8;920,495833;15,95;24;17,875;12,3;89,708333;59;8,5;2,095833;
2019-07-01;,2;919,3125;14,4;26,8;18,604167;12,6;79,75;40;6,4;1,704167;
2019-07-02;0;916,8625;14,970833;24,3;18,245833;12,4;82,458333;47;8,6;2,320833;
2019-07-03;,2;916,1375;15,5625;28;20,554167;15,2;77,25;39;7,8;2,383333;
2019-07-04;0;916,595833;15,9875;30,5;22,541667;17,7;70,25;34;9,4;2,808333;
2019-07-05;0;917,954167;16,983333;30,6;22,533333;17,3;74,083333;39;11,8;3,091667;
2019-07-06;0;917,945833;17,175;30;23,554167;19,7;69,666667;38;8,5;2,425;
2019-07-07;,2;920,770833;17,425;21,3;17,754167;17,5;98,083333;84;9,4;3,216667;
2019-07-08;0;924,158333;13,633333;19,8;15,904167;13,9;86,875;69;12,4;3,5625;
2019-07-09;,4;923,85;12,745833;21,1;15,679167;13,5;84;56;9,8;3,158333;
2019-07-10;0;923,020833;12,75;20,9;15,791667;12,9;82,833333;63;10,1;2,9625;
2019-07-11;,2;920,775;14,583333;21,8;16,629167;13,3;88,708333;68;7,9;2,179167;
2019-07-12;,2;920,033333;14,35;25,1;17,945833;13;81,958333;49;8,1;2,304167;
2019-07-13;,2;920,208333;13,885;26,3;17,720833;11,1;76,55;39;6,2;1,425;
2019-07-14;0;919,229167;12,408333;26,6;18,554167;11,8;72,583333;32;9,4;1,8625;
2019-07-15;,2;918,6125;8,508333;27,7;19,083333;12;60,291667;19;7;1,6375;
2019-07-16;0;918,358333;10,083333;28,9;19,4875;12,1;59,583333;24;6,1;1,9625;
2019-07-17;0;920,408333;13,270833;24,9;18,45;12,6;72,666667;52;11;3,208333;
2019-07-18;0;923,591667;13,425;19,6;16,079167;14,2;84,833333;67;11;3,8;
2019-07-19;0;924,129167;12,65;22,5;15,170833;9,2;86;58;10,3;3,433333;
2019-07-20;1,2;923,366667;14,020833;18,8;14,991667;11,4;94,333333;79;11,1;3,583333;
2019-07-21;4,8;922,5875;14,704167;22,7;17,116667;15;87,25;53;11,5;3,154167;
2019-07-22;2,2;922,4625;15,958333;20,3;16,8;14,8;95;76;11;3,145833;
2019-07-23;5,8;921,920833;16,754167;22,1;17,479167;15,1;95,791667;75;9,4;2,6375;
2019-07-24;3,4;921,658333;15,908333;22,9;17,545833;14,4;91,208333;61;9,5;2,820833;
2019-07-25;1;921,858333;15,9;24,5;17,9875;15,6;89,041667;54;10,6;2,554167;
2019-07-26;0;923,2875;14,008333;21,3;16,408333;13,8;86,583333;63;12,2;3,0625;
2019-07-27;3,4;923,170833;15,7875;22,4;16,8625;14,9;93,833333;63;9;2,8625;
2019-07-28;1,8;922,070833;16;21;16,7625;15;95,5;81;9,5;2,379167;
2019-07-29;,4;921,758333;15,491667;20,3;16,2625;12,8;95,416667;80;9,9;3,154167;
2019-07-30;,2;921,566667;14,108333;22;16,841667;13,8;84,958333;60;9,2;2,816667;
2019-07-31;0;919,891667;14,304167;27,4;19,429167;13,9;76,125;34;7,7;1,570833;
2019-08-01;,2;919,670833;14,845833;24,9;18,591667;13,3;81,208333;47;9,8;2,333333;
2019-08-02;0;920,333333;14,845833;25,6;18,85;13,6;80,375;47;8,3;2,383333;
2019-08-03;0;920,0125;14,725;28;20,2;15;74,708333;38;7,9;2,129167;
2019-08-04;0;922,025;15,6125;25,4;19,1;15,4;82,458333;50;9;2,620833;
2019-08-05;3;924,633333;16,85;18,8;16,879167;15,8;99,833333;92;11;3,854167;
2019-08-06;6,4;925,55;15,579167;22,9;17,525;15,4;89,291667;63;14;3,329167;
2019-08-07;1,8;925,1;15,516667;22,6;16,7125;12,6;93,291667;68;10,7;2,275;
2019-08-08;,8;924,125;16,073913;23,1;17,320833;12,8;92,391304;68;8,5;1,804167;
2019-08-09;1,6;923,3375;17,2625;22,9;17,6625;15,5;97,5;78;8,6;2,216667;
2019-08-10;3,6;923,575;16,2125;24,1;18,845833;15,7;86,208333;59;8,9;2,566667;
2019-08-11;0;922,970833;15,533333;25,9;19,2625;15,3;81,208333;46;9;2,55;
2019-08-12;,2;921,816667;17,0125;23,1;18,095833;16,4;93,75;66;8,2;2,283333;
2019-08-13;1;920,945833;13,970833;24,9;18,675;14,6;77,166667;44;7,8;2,404167;
2019-08-14;0;921,854167;15,829167;21,7;17,279167;12,9;91,375;71;10,3;2,675;
2019-08-15;,8;924,241667;15,566667;20,2;16,641667;16;93,541667;79;15,2;4,395833;
2019-08-16;4;924,070833;14,25;17,8;14,508333;13;98,5;89;11,5;3,758333;
2019-08-17;,8;922,4375;14,975;19,1;15,55;13,5;96,5;83;9,4;2,995833;
2019-08-18;2,2;921,35;16,108333;21,4;17,025;14,2;94,625;77;7,2;1,841667;
2019-08-19;,4;919,7875;15,629167;26,3;19,408333;13,6;81,083333;49;7,3;2,0125;
2019-08-20;,2;920,5375;15,983333;26,5;19,345833;13,4;83,25;50;7,8;1,854167;
2019-08-21;0;920,9;16,375;26,9;20;15;82,208333;49;7,8;2,375;
2019-08-22;0;921,491667;16,454167;24,8;19,441667;15,7;84,458333;56;9,6;2,766667;
2019-08-23;0;922,041667;15,2625;25,2;18,9875;15,6;81,25;51;9,2;2,708333;
2019-08-24;0;921,4625;15,091667;25,9;18,966667;14;80,583333;49;9,5;2,5;
2019-08-25;,2;923,016667;15,225;25,6;19,008333;14,5;80,958333;49;9,8;2,9125;
2019-08-26;2,6;923,2875;15,320833;23,3;18,245833;15;84,375;59;9,5;2,983333;
2019-08-27;0;923,258333;15,870833;21,8;17,1375;14,5;92,75;74;9,6;2,6375;
2019-08-28;1,4;922,404167;14,3875;22,9;17,016667;14,2;85,666667;60;8,8;3,075;
2019-08-29;0;921,316667;13,375;24,4;17,895833;12,1;76,583333;51;10,3;2,8875;
2019-08-30;0;921,216667;14,466667;24,4;18,1125;14,8;80,833333;53;7,3;2,0625;
2019-08-31;0;920,470833;13,529167;27,4;19,104167;11,4;73,958333;39;8,3;2,1125;
2019-09-01;0;918,520833;13,25;27,9;20,058333;13,6;68,416667;36;9,7;3,520833;
2019-09-02;0;918,0875;14,891667;28,5;20,1625;13,9;75,458333;37;8,3;2,858333;
2019-09-03;0;919,508333;14,95;26,9;20,0375;15,3;75,958333;44;9,5;2,7;
2019-09-04;,2;920,85;15,020833;27,3;19,820833;13,6;77,083333;46;9,9;2,895833;
2019-09-05;0;921,695833;14,883333;26,4;19,633333;15,3;76,333333;47;9,5;2,7125;
2019-09-06;0;922,5;16,095833;25,9;19,925;16,3;79,875;52;12,4;3,879167;
2019-09-07;5,2;923,383333;17,179167;20,7;17,85;16,7;95,958333;84;11,5;3,4125;
2019-09-08;1,4;924,108333;16,229167;22,3;17,704167;15,3;91,666667;69;11;3,229167;
2019-09-09;0;922,7875;15,495833;25,7;19,479167;16;79,75;50;8,5;2,8;
2019-09-10;0;921,3625;16,370833;27,3;20,370833;16,3;79,458333;51;8,3;2,608333;
2019-09-11;0;919,658333;14,116667;28,6;19,783333;13,8;74,333333;31;9,6;2,758333;
2019-09-12;,2;918,8;15,491304;31;20,520833;13,2;76,086957;29;8,8;2,479167;
2019-09-13;0;918,325;15,658333;30,6;21,7125;16;73,416667;27;8,2;2,408333;
2019-09-14;0;919,441667;16,025;25,9;20,008333;15,6;79,458333;48;9,6;3,104167;
2019-09-15;0;919,941667;16,616667;25,2;19,1625;15,3;86,291667;60;11,8;2,779167;
2019-09-16;,2;919,875;14,7625;26,6;19,920833;15,9;75,083333;45;12,6;2,991667;
2019-09-17;0;918,733333;13,583333;28,1;19,145833;10,6;74,333333;36;11,1;2,333333;
2019-09-18;0;916,829167;15,175;29,8;21,4375;16,4;72,25;30;9,6;2,8125;
2019-09-19;0;916,829167;16,225;30,1;21,7875;16;74,125;38;10,8;3,704167;
2019-09-20;0;918,183333;14,295833;30,5;21,6875;15,7;67,958333;29;10;3,608333;
2019-09-21;0;917,875;15,233333;28,9;21,233333;15,6;72,541667;36;8,5;3,266667;
2019-09-22;0;918,554167;14,879167;25,9;19,625;13,4;76,458333;48;10,1;2,941667;
2019-09-23;0;920,958333;15,233333;27,4;19,408333;13;79,666667;44;12;3,083333;
2019-09-24;1,8;922,3875;15,220833;20,7;16,683333;13,9;91,666667;70;13,4;4;
2019-09-25;,4;920,879167;15,625;23,9;17,604167;13,3;89,208333;66;9,8;3,145833;
2019-09-26;1,2;919,195833;16,5875;29,1;20,570833;15,8;81,333333;41;9,9;2,2625;
2019-09-27;0;917,345833;16,041667;31,6;22,270833;16,9;72,208333;31;10;3,545833;
2019-09-28;0;918,0125;17,708333;29;21,675;16,8;79,25;56;9,4;2,625;
2019-09-29;0;917,6;18,316667;28,1;21,370833;18,6;83,916667;51;8,4;2,229167;
2019-09-30;,2;916,758333;17,670833;28,9;21,716667;16,5;80,041667;52;8,9;2,395833;
2019-10-01;,2;917,441667;17,2375;27,1;20,9875;18,5;80,375;53;12,2;3,266667;
2019-10-02;,4;917,6625;15,991667;26,5;19,545833;16,3;81,791667;51;8,9;3,0125;
2019-10-03;0;918,270833;15,895833;28,1;20,683333;15,4;76,375;46;11;3,558333;
2019-10-04;0;918,808333;17,258333;27,7;20,804167;16,2;81,416667;53;11;3,033333;
2019-10-05;0;918,195833;16,270833;25,8;19,983333;15,8;80,5;48;8,9;3,1125;
2019-10-06;1;917,195833;14,425;28,2;20,6;14,7;71,708333;38;9,9;2,7125;
2019-10-07;0;917,645833;16,654167;29,2;21,575;16;76,083333;46;10,2;2,8125;
2019-10-08;0;917,541667;17,770833;28,9;21,254167;16,8;81,625;54;12,2;3,516667;
2019-10-09;,2;917,970833;15,720833;28,8;21,704167;16,1;72,333333;38;10,3;2,966667;
2019-10-10;0;918,629167;16,183333;28,1;21,229167;16,4;75,416667;44;10,7;2,941667;
2019-10-11;0;919,7125;16,183333;28,8;21,708333;16,1;73,583333;42;11,2;2,995833;
2019-10-12;0;919,641667;15,795833;28,7;21,216667;15,7;74,125;44;11,1;3,104167;
2019-10-13;0;918,283333;15,458333;28,6;20,595833;14,6;75,916667;37;11,4;2,808333;
2019-10-14;0;917,633333;15,045833;27,9;20,425;13,4;74,458333;44;8,9;2,479167;
2019-10-15;0;917,895833;16,041667;28,9;21,45;15,4;74,166667;42;9,7;2,670833;
2019-10-16;0;918,833333;15,270833;28,1;21,3125;17;71,208333;40;11,9;3,291667;
2019-10-17;0;919,345833;15,333333;27,2;20,779167;16,9;73,291667;44;11,5;3,075;
2019-10-18;0;918,633333;13,325;28,9;21,445833;14,7;65,166667;29;11,7;2,8625;
2019-10-19;0;916,1875;12,879167;32,2;22,729167;15,1;61,833333;21;9;2,4375;
2019-10-20;0;914,166667;14,545833;33,3;24,495833;16,6;57,5;29;9,8;2,316667;
2019-10-21;0;914,0375;16,775;33,7;24,258333;18,7;67,541667;30;9,4;2,8125;
2019-10-22;9;914,6875;19,05;26,6;22,045833;18,4;84,25;61;9;1,933333;
2019-10-23;1,2;915,7;19,7625;23,7;21,075;19,4;92,458333;70;9,2;1,616667;
2019-10-24;8,8;917,070833;19,970833;28,5;21,6125;18,8;91,25;61;8,3;2,475;
2019-10-25;6,8;917,441667;18,5875;30,1;23,154167;18,9;78,375;42;7,8;2,45;
2019-10-26;0;917,829167;15,8875;31,6;23,625;17,6;67,5;26;9,3;2,241667;
2019-10-27;0;918,616667;15,591667;31,1;22,75;15,3;67,625;29;10,6;2,641667;
2019-10-28;0;917,8625;16,1125;29,8;21,883333;16;73,25;38;11,1;2,708333;
2019-10-29;,2;916,854167;15,745833;29,5;21,85;14,3;72,5;39;11,1;2,979167;
2019-10-30;0;916,7125;15,141667;30,4;22,283333;15,4;68,666667;34;9,3;2,720833;
2019-10-31;0;917,2875;16,6125;31,3;22,379167;15,7;74,083333;39;9;2,6125;
2019-11-01;0;917,041667;17,6875;30,3;23,516667;18,7;72,25;42;9,8;2,625;
2019-11-02;0;916,908333;17,129167;29,4;22,479167;18;74,458333;40;10,4;3,404167;
2019-11-03;0;915,679167;16,470833;31,1;22,470833;16,3;71,958333;38;9,7;2,795833;
2019-11-04;0;915,2;16,854167;32,2;23,45;16,5;69,833333;36;8,2;2,620833;
2019-11-05;0;915,579167;17,2375;34,1;24,7125;17,6;68,208333;27;9,4;2,5625;
2019-11-06;0;915,620833;15,4625;33,8;24,141667;15,1;64,625;27;9,7;2,608333;
2019-11-07;0;915,679167;15,3;32,2;23,004167;16,2;66,583333;30;9,1;2,504167;
2019-11-08;0;914,679167;14,604167;31,6;23,3875;16,4;63,458333;28;9,3;2,6375;
2019-11-09;0;915,633333;15,0375;31,9;23,35;15,5;65,416667;30;10;2,729167;
2019-11-10;0;916,304167;14,8125;32,9;23,495833;16,1;63,916667;27;10,5;2,804167;
2019-11-11;0;915,291667;14,75;33;23,9375;15,7;62,541667;26;9,3;3,05;
2019-11-12;0;915,541667;15,475;31;23,041667;16,3;66,375;33;10,9;3,004167;
2019-11-13;0;916,5;15,229167;30,5;22,720833;15,5;67,375;34;10,9;3,1125;
2019-11-14;0;916,041667;15,05;31,5;23,295833;16,6;64,625;30;9,8;2,775;
2019-11-15;0;913,604167;15,966667;34,1;24,441667;17,1;64,166667;29;8,1;2,5;
2019-11-16;0;911,65;17,770833;31,7;24,183333;17,3;69,75;40;9,9;2,5875;
2019-11-17;3;913,65;18,7125;27,4;22,745833;19,4;79,291667;54;9,9;2,395833;
2019-11-18;0;916,629167;17,945833;27,6;22,408333;18,6;77;54;7,8;2,241667;
2019-11-19;0;917,2625;16,366667;30,2;22,879167;17,1;69,583333;42;9;3,166667;
2019-11-20;0;916,808333;15,233333;30,1;22,45;16,1;67,833333;36;11,1;3,016667;
2019-11-21;0;916,7625;16,975;27,5;21,104167;15,3;78,625;52;9,4;3,0625;
2019-11-22;0;916,004167;16,3625;31;22,754167;15,2;71,5;37;8,6;2,379167;
2019-11-23;0;914,791667;15,254167;34,6;25,070833;16,6;60,583333;24;9,6;1,925;
2019-11-24;0;913,470833;18,141667;34,3;24,9375;22,4;68,875;32;12,9;2,8;
2019-11-25;1,8;916,125;18,7;24,3;20,079167;18,6;92,25;70;8,8;3,041667;
2019-11-26;,2;917,425;17,0625;22,7;18,7125;16,9;90,5;72;8,9;3,158333;
2019-11-27;,8;917,320833;17,2375;22,9;19,229167;16,5;89,041667;72;7,6;2,608333;
2019-11-28;0;915,341667;17,616667;31,6;23,704167;17,6;71,666667;44;9;2,316667;
2019-11-29;0;914,908333;19,3875;33,2;23,6875;19,3;79,875;39;10,5;2,175;
2019-11-30;16,8;915,375;15,425;34,6;25,275;18,4;60,625;22;9,2;2,233333;
2019-12-01;0;915,733333;16,579167;35,2;25,804167;18,1;62,041667;25;8,6;2,020833;
2019-12-02;0;914,2125;17,945833;33,9;26,595833;19,8;62,375;34;7,4;1,820833;
2019-12-03;6,4;915,191667;19,920833;27,1;22,733333;18,6;85,25;62;8,4;2,683333;
2019-12-04;,4;916,520833;18,145833;30,6;24,220833;19,8;72,625;37;9,7;2,704167;
2019-12-05;0;916,083333;14,075;33,6;24,870833;16,8;57,166667;23;11,9;2,579167;
2019-12-06;0;914,220833;14,479167;35,2;26,25;18,8;52,458333;24;12,4;3,191667;
2019-12-07;0;913,4875;17,945833;34,4;27,070833;20,9;60,416667;30;9,8;2,5;
2019-12-08;0;915,733333;19,783333;28,7;22,85;20,8;83,625;58;10;2,870833;
2019-12-09;2,6;916,608333;16,3875;31,5;23,704167;17,8;69,5;26;9,6;2,841667;
2019-12-10;0;916,525;16,054167;30,5;22,470833;14,8;71,291667;32;8,3;2,35;
2019-12-11;0;915,120833;16,695833;31;23,208333;16,1;70,416667;39;9,3;2,125;
2019-12-12;0;914,508333;16,65;32,2;24,1;17,7;67,166667;35;9,3;2,991667;
2019-12-13;0;915,695833;16,2;30,6;23,533333;16,9;67,333333;37;13,7;3,05;
2019-12-14;0;918,420833;18,5625;26,5;20,741667;17,4;87,958333;63;12,8;2,983333;
2019-12-15;3,6;918,8375;17,841667;26,8;20,7375;17,4;84,916667;48;12,1;3,195833;
2019-12-16;1,2;917,3125;17,775;28,6;21,666667;17,8;80,5;50;9,8;2,625;
2019-12-17;,2;916,1;17,45;30,9;22,704167;16,4;74,458333;45;9,8;2,695833;
2019-12-18;0;916,279167;17,229167;31,6;23,495833;16,5;71,458333;41;9;2,533333;
2019-12-19;0;917,145833;16,45;30,9;23,320833;16,2;69,125;39;9,9;3,258333;
2019-12-20;0;917,6875;17,358333;30,7;22,591667;16,8;74,791667;39;9;3,208333;
2019-12-21;0;917,041667;16,320833;32,5;24,1;18,4;65,291667;32;10,4;2,920833;
2019-12-22;0;916,520833;15,983333;31,9;23,858333;16,4;64,5;37;10,4;3,029167;
2019-12-23;0;916,441667;15,7625;31,5;23,520833;16,3;66,041667;36;9,8;3,066667;
2019-12-24;0;916,170833;16,404167;32,2;24,220833;18,1;65,333333;36;9,1;3,275;
2019-12-25;0;916,304167;19,2;30,2;23,55;20,8;77,708333;50;9;3,083333;
2019-12-26;0;917,6125;18,083333;26,6;21,5375;18,2;81,666667;59;9,6;2,783333;
2019-12-27;0;917,808333;17,829167;28,3;21,675;18,4;80,166667;49;10,2;2,966667;
2019-12-28;,4;917,008333;18,125;29;21,641667;17;82,208333;49;9,8;2,791667;
2019-12-29;0;915,691667;17,2375;28,1;21,570833;17,4;78,541667;47;9,1;2,716667;
2019-12-30;0;914,083333;16,883333;29,6;21,458333;16,7;77,291667;43;10;2,270833;
2019-12-31;6,8;914,2375;17,966667;28,7;21,966667;16,5;80,458333;50;8,9;2,254167;
2020-01-01;0;914,4125;19,020833;30,3;22,779167;18,3;81,666667;48;9,4;1,908333;
2020-01-02;1,4;914,575;19,320833;30,4;23,6375;19,4;78,833333;47;12,4;2,520833;
2020-01-03;29,2;915,3125;20,145833;29,7;22,958333;19,1;85,833333;57;10;2,570833;
2020-01-04;2;915,0625;20,495833;29,2;23,3125;20,9;85,375;55;11,2;2,6;
2020-01-05;18,2;915,695833;19,65;22,6;20,333333;17,8;96,041667;86;11,5;2,408333;
2020-01-06;1,4;915,641667;20,233333;27,4;21,9125;19,7;90,708333;68;8,5;1,541667;
2020-01-07;8,2;916,05;20,6625;31,4;23,904167;18,9;84;51;6,8;1,491667;
2020-01-08;,2;916,083333;19,754167;30,8;24,420833;20;77,708333;40;7,7;2,095833;
2020-01-09;0;915,941667;17,9125;29,8;23,391667;19,7;74,291667;43;8,8;2,329167;
2020-01-10;0;916,395833;15,958333;29,7;22,183333;15,1;71,708333;41;8;2,1125;
2020-01-11;0;916,604167;16,25;31,1;23,383333;17,3;68,625;31;9,7;2,454167;
2020-01-12;0;916,8375;17,295833;31,6;23,904167;17,9;70,458333;38;8,5;2,154167;
2020-01-13;0;916,075;17,041667;32,7;24,666667;17,8;66,666667;32;8,1;2,141667;
2020-01-14;0;916,095833;16,4625;32,3;24,641667;19,4;66,083333;27;10,1;2,491667;
2020-01-15;0;916,491667;15,795833;31,5;23,4;14,7;66,166667;35;9,8;2,558333;
2020-01-16;0;917,604167;17,041667;31,3;23,679167;15,9;68,958333;42;7,1;2,275;
2020-01-17;0;917,408333;17,279167;31,7;24,266667;18,1;68,041667;42;7,8;2,370833;
2020-01-18;0;918,058333;16,641667;31,4;24,545833;18,8;65,458333;35;9,6;2,5375;
2020-01-19;0;917,395833;18,979167;27,7;22,041667;17;83,541667;59;9;2,154167;
2020-01-20;,2;915,083333;17,166667;32,5;24,225;18;68,708333;34;7,3;1,975;
2020-01-21;0;913,345833;17,95;27,2;22,2625;19,8;77,291667;57;8,3;2,1875;
2020-01-22;1;913,5125;19,8625;26,9;22,241667;20;87,333333;64;8;1,904167;
2020-01-23;9,8;914,420833;19,308333;25,4;21,104167;19;90,166667;69;9,4;2,516667;
2020-01-24;5,8;914,6125;19,266667;26,9;20,366667;18,1;94;70;12,9;3,7375;
2020-01-25;13,6;915,329167;20,4625;28,5;22,875;18,9;87,416667;63;8,6;2,304167;
2020-01-26;18,2;916,4;20,491667;26,7;21,891667;19,1;92,333333;68;10,6;2,35;
2020-01-27;20,6;916,408333;19,658333;31;24,066667;19,6;78,875;47;9,2;2,308333;
2020-01-28;9;917,645833;20,3125;29,6;23,4;19,8;84,916667;50;7,5;1,595833;
2020-01-29;,2;918,079167;19,725;29,5;23,541667;18;81,375;54;8,5;1,9125;
2020-01-30;0;918,429167;18,7;28,6;23,158333;18,5;77,958333;50;8,7;2,366667;
2020-01-31;0;918,045833;18,470833;28,6;22,129167;16,7;81,541667;54;7,3;1,908333;
2020-02-01;0;917,466667;18,5125;30,8;23,2125;17,6;77,416667;45;5,3;1,7625;
2020-02-02;,2;916,8875;19,391667;28,9;22,883333;18,8;82,25;56;6,4;1,95;
2020-02-03;0;917,045833;20,004167;30,3;22,925;19,1;84,833333;52;8;1,804167;
2020-02-04;,2;917,495833;19,929167;29,3;23,4;19,8;81,791667;56;8,1;2,116667;
2020-02-05;0;917,091667;18,125;28,6;22,754167;17;77,083333;52;8,1;2,083333;
2020-02-06;0;916,958333;17,845833;30,3;22,533333;16,6;77,791667;39;9,7;2,133333;
2020-02-07;0;915,8625;19,2375;28,2;21,845833;18,5;86,416667;54;7,2;1,6375;
2020-02-08;8,8;916,6875;18,691667;27,6;22,133333;17,6;82,958333;51;6;1,5125;
2020-02-09;0;918,241667;19,775;28;22,795833;19;84,208333;56;6,8;1,516667;
2020-02-10;,2;918,804167;19,833333;30,1;24,516667;19,8;77,5;48;7;1,75;
2020-02-11;0;917,279167;18,270833;31,9;24,4875;18,7;71,625;42;7,4;2,083333;
2020-02-12;0;916,35;17,745833;31;24,3875;18,1;70,666667;33;10,3;2,879167;
2020-02-13;0;916,320833;15,970833;32,4;23,820833;14,9;66,666667;29;9,7;1,854167;
2020-02-14;,2;916,808333;18,8;31,1;23,875;19,7;75,75;37;11;2,395833;
2020-02-15;,6;916,695833;18,616667;30,6;23,675;19,2;76,833333;42;8,7;2,129167;
2020-02-16;,2;916,575;18,025;31,9;23,7875;17,2;73,541667;38;9,5;2,5125;
2020-02-17;0;916,6875;17,120833;31,1;23,383333;15,8;71,916667;34;9,2;2,775;
2020-02-18;0;917,4625;19,4375;27,7;22,595833;18,1;83,333333;62;11,2;2,7625;
2020-02-19;2;916,041667;18,945833;28,2;20,920833;18,1;89,583333;60;10,3;2,216667;
2020-02-20;6,8;915,554167;18,65;29,7;22,379167;17,2;81,333333;52;9,5;1,658333;
2020-02-21;0;915,425;19,229167;33,7;24,425;19,5;75,583333;31;10,6;2,516667;
2020-02-22;0;915,970833;19,833333;32,9;25,0125;19,3;75,916667;42;7,8;1,825;
2020-02-23;0;917,120833;20,720833;30,5;23,641667;21,1;84,375;59;6,9;1,970833;
2020-02-24;6,8;917,533333;20,383333;27,6;22,7875;19,9;87,375;64;8,9;2,779167;
2020-02-25;,6;916,958333;20,520833;29,9;23,466667;20,3;84,875;54;9;2,7625;
2020-02-26;,8;915,366667;18,3;31,7;23,716667;17,8;75,333333;39;7,4;1,829167;
2020-02-27;0;914,8875;19,475;32,6;25,116667;18,9;73,666667;44;7,1;1,820833;
2020-02-28;0;916,958333;19,341667;30,9;24,1125;19,1;76,5;49;9,5;1,895833;
2020-02-29;0;917,766667;17,166667;30,6;23,733333;18;70,625;34;9;2,579167;
2020-03-01;0;916,9875;16,9875;30,7;23,108333;16,4;71,958333;41;8,4;2,041667;
2020-03-02;0;915,7125;17,183333;30,1;23,104167;16,6;71,791667;46;7,1;1,9625;
2020-03-03;0;916,008333;18,1375;30,4;23,841667;18;72,958333;46;8,6;1,7625;
2020-03-04;0;916,4375;18,975;32;25,175;20,4;70,791667;45;9,6;1,804167;
2020-03-05;,8;917,095833;20,041667;29;23,454167;20,4;82,125;58;6,9;1,554167;
2020-03-06;43,4;916,575;20,6625;29,3;22,375;19,2;90,75;63;9,5;1,608333;
2020-03-07;15,4;915,620833;20,25;28,8;22,308333;18,4;89,083333;62;8,6;1,383333;
2020-03-08;29,2;916,208333;19,645833;24;20,25;18,2;96,458333;83;7,6;1,995833;
2020-03-09;15,2;917,258333;20,425;24,2;21,475;17,9;93,875;82;6,5;1,870833;
2020-03-10;1;916,908333;19,8875;26,8;22,1;19,1;88,125;67;8,1;2,608333;
2020-03-11;4,2;915,9875;20,6625;25;21,4125;19,7;95,75;82;7,6;2,029167;
2020-03-12;5,2;916,5;20,025;26,8;20,9625;19,7;94,666667;72;14,1;2,075;
2020-03-13;10,6;917,479167;19,25;26,9;20,854167;17,9;91,166667;64;9,1;2,158333;
2020-03-14;1;918,2375;19,166667;25,7;20,483333;17,3;92,625;69;10,8;2,241667;
2020-03-15;1,6;917,9;18,654167;26,7;20,620833;17,2;89,625;62;8,2;2,1625;
2020-03-16;3,4;917,583333;19,166667;27;21,004167;16,9;90,125;67;7,7;2,05;
2020-03-17;0;917,191667;18,9375;28,1;22,408333;19,4;82,583333;51;6,4;1,7875;
2020-03-18;0;916,595833;18,954167;28,7;22,354167;17;83,041667;48;6,7;1,883333;
2020-03-19;0;915,008333;20,575;27,2;22,008333;19,8;92,208333;68;6,2;1,879167;
2020-03-20;9,6;913,95;20,879167;29,5;23,9875;19,9;84,125;59;8,2;2,05;
2020-03-21;0;914,7375;20,670833;29,8;23,995833;21,3;82,708333;60;9;2,454167;
2020-03-22;4;916,275;20,604167;28,6;22,266667;19,7;90,958333;68;10,8;1,466667;
2020-03-23;12,6;917,7;19,995833;25,7;20,995833;19;94,291667;76;9,1;2,375;
2020-03-24;,2;917,941667;17,725;23;19,545833;17,3;89,625;73;10,6;2,908333;
2020-03-25;,2;917,441667;17,541667;22,9;19,133333;16,9;90,75;75;8,3;2,4375;
2020-03-26;0;916,979167;17,416667;24,4;20,283333;17,8;83,916667;69;9;2,633333;
2020-03-27;0;916,966667;17,591667;26,4;20,904167;17,1;82,25;62;9,2;3,045833;
2020-03-28;0;918,266667;18,516667;25,9;20,8375;17,9;87,291667;69;9,4;3,1125;
2020-03-29;0;918,658333;19,141667;26,5;21,341667;17,4;88,25;65;9,9;2,975;
2020-03-30;,6;917,445833;19,020833;27,2;21,433333;16,9;87,25;58;9,2;2,479167;
2020-03-31;0;916,729167;18,666667;27,5;21,783333;17,9;83,75;59;7,8;2,291667;
2020-04-01;,2;917,166667;18,7875;26,9;21,454167;16,8;86,041667;65;8,3;1,816667;
2020-04-02;0;918,0125;19,470833;29,3;22,9;16,9;82,791667;54;6;1,9;
2020-04-03;0;915,3;18,779167;31,2;24,141667;18,5;75;40;6,7;1,966667;
2020-04-04;0;914,445833;18,770833;32,1;25,970833;21;65,958333;45;8,3;2,35;
2020-04-05;0;917,1375;21,554167;27,5;23,270833;21;90,458333;76;8,3;2,370833;
2020-04-06;14;918,566667;20,766667;26,4;22,054167;20,3;92,75;72;8,4;2,441667;
2020-04-07;0;917,6;20,916667;29,1;22,933333;18,9;89,125;63;5,9;1,375;
2020-04-08;,2;915,704167;20,716667;30,5;23,533333;19,2;85,875;53;9,4;1,608333;
2020-04-09;45,4;915,35;21,120833;29;22,804167;20,2;91,333333;65;8,4;1,6125;
2020-04-10;32,6;916,345833;20,670833;25,6;21,158333;18,9;97,25;79;9,5;1,654167;
2020-04-11;31,4;916,5375;20,920833;26,7;21,591667;19,6;96,25;71;5,8;1,35;
2020-04-12;22,6;916,9375;20,558333;27,2;22,0125;19,2;92,166667;65;5,8;1,333333;
2020-04-13;22,8;917,125;19,891304;22,8;20,095833;19,1;98,869565;88;11,6;3,6125;
2020-04-14;3,4;915,970833;19,391667;23,8;19,916667;18;96,958333;81;9,7;2,858333;
2020-04-15;,6;916,8875;19,883333;25,3;21,120833;17,7;93,166667;75;6;1,358333;
2020-04-16;,2;919,058333;19,920833;26,9;21,7375;19;90,291667;65;7,8;1,795833;
2020-04-17;0;919,320833;20,1875;26,4;21,520833;19,1;92,625;67;7,7;2,5125;
2020-04-18;7;919,475;20,029167;23,6;20,2875;19,1;98,458333;88;9,4;2,770833;
2020-04-19;3;919,845833;18,379167;22;19,2375;17,1;95,041667;81;11,4;3,2375;
2020-04-20;,8;919,191667;18,158333;22,3;19,216667;17,4;93,958333;80;11,5;2,966667;
2020-04-21;,4;918,608333;18,6625;22,7;19,841667;17,8;93,25;77;6,5;2,120833;
2020-04-22;0;917,791667;18,620833;24,7;20,091667;16,2;91,75;74;7,8;1,841667;
2020-04-23;0;917,741667;18,545833;25,3;20,704167;17,6;88,083333;68;8,2;2,595833;
2020-04-24;0;919,154167;16,8125;22,8;19,245833;15,9;86,458333;70;9,6;2,8;
2020-04-25;0;919,816667;16,666667;23,1;17,8125;12,9;93,5;76;8,8;2,320833;
2020-04-26;,4;920,033333;18,441667;22,7;19,341667;15,7;94,708333;78;11,5;2,966667;
2020-04-27;,2;920,691667;15,595833;23,5;18,870833;15,3;83,083333;53;9,1;3,125;
2020-04-28;0;920,933333;16,970833;21,9;18,241667;16,1;92,541667;79;11;3,158333;
2020-04-29;,2;920,979167;16,670833;23,7;18,7125;16;88,916667;64;9,2;2,6375;
2020-04-30;,2;919,966667;17,320833;24,4;18,979167;13,7;90,833333;69;6,1;1,616667;
2020-05-01;0;919,833333;18,758333;27,5;21,2125;16,1;87,208333;58;6;1,283333;
2020-05-02;0;918,866667;19,6625;26,6;21,654167;19,2;89,375;64;5,5;1,220833;
2020-05-03;,2;917,495833;18,329167;28,3;21,879167;17,6;82,833333;44;6,9;1,616667;
2020-05-04;0;918,2375;18,1;22,7;19,475;17,3;92,083333;76;8,7;2,570833;
2020-05-05;0;918,408333;18,15;24,7;19,6625;17,1;91,5;70;6;1,695833;
2020-05-06;0;918,279167;18,0375;26,8;20,491667;15,9;87,5;57;8,5;1,504167;
2020-05-07;2,6;917,295833;18,441667;28,3;21,408333;16,2;84,875;54;4,6;1,591667;
2020-05-08;,2;919,754167;18,433333;21,3;18,625;18,6;98,916667;92;8,4;2,529167;
2020-05-09;1,2;922,004167;15,820833;19,5;16,470833;15,1;96,041667;79;10,6;3,541667;
2020-05-10;,4;922,295833;15,3;19,4;16,516667;14,6;92,791667;81;9,7;2,995833;
2020-05-11;0;921,395833;16,395833;21,2;17,045833;13,8;96,041667;85;8,1;2,791667;
2020-05-12;,6;920,0375;17,441667;22,7;18,095833;15,7;96,166667;81;9,2;2,704167;
2020-05-13;3,4;919,129167;18,254167;21,4;18,5625;17,1;98,166667;90;6,9;1,616667;
2020-05-14;1,4;918,6;18,179167;26,2;20,191667;16,6;89,541667;63;4,4;1,054167;
2020-05-15;,2;918,35;18,633333;27,4;20,829167;15,9;88,5;60;6,9;1,404167;
2020-05-16;,8;918,120833;18,941667;26,2;20,741667;16,4;90,166667;65;5,9;1,470833;
2020-05-17;,8;918,8875;19,0625;22;19,3875;18,2;98,041667;88;5,8;1,520833;
2020-05-18;15,2;920,525;18,570833;22,1;19,2375;17,7;96,25;83;7,8;2,5625;
2020-05-19;1;921,683333;18,004167;21,9;18,991667;17,8;94,333333;80;13,2;3,3125;
2020-05-20;1,6;922,029167;17,233333;23,3;18,325;16,1;93,916667;69;11,1;3,558333;
2020-05-21;3;921,591667;17,45;20,6;17,720833;15,6;98,333333;91;10,4;2,7625;
2020-05-22;3,4;920,933333;18,808333;23,7;19,7;17,6;94,916667;76;7;1,995833;
2020-05-23;,6;920,1375;19,525;25,1;20,525;17,3;94,375;73;6,9;1,508333;
2020-05-24;1;918,741667;18,904167;26,8;21,016667;16,2;88,958333;63;6;1,758333;
2020-05-25;0;917,433333;19,095833;28,3;21,345833;17,1;88,458333;59;7,4;1,791667;
2020-05-26;,2;916,845833;19,875;28;21,616667;17,9;90,875;64;8,2;1,6875;
2020-05-27;,2;916,9625;18,933333;28,3;21,370833;16,3;87,333333;56;5,9;1,095833;
2020-05-28;,2;919,279167;16,729167;21;17,620833;16,2;94,625;78;7,4;2,216667;
2020-05-29;,2;920,825;14,316667;20,1;15,4875;10;93,041667;73;8,5;2,033333;
2020-05-30;0;920,233333;15,445833;22,6;17,491667;14,4;88,75;63;8,4;2,0375;
2020-05-31;,2;919,8;14,833333;23,6;17,1;12,2;88;59;6;1,225;
2020-06-01;,2;918,9625;16,2625;25,8;18,2;11,9;89,666667;62;5,6;1,245833;
2020-06-02;0;918,8375;18,429167;26,2;20,179167;15,3;90,416667;63;6,4;1,375;
2020-06-03;0;919,670833;19,733333;25,5;21,145833;18,6;92,208333;73;6,7;1,595833;
2020-06-04;0;921,158333;18,770833;21,8;19,4875;18,7;95,708333;84;9,3;2,679167;
2020-06-05;,2;922,1625;16,604167;23;18,475;16;89,208333;70;10,6;3,083333;
2020-06-06;0;921,754167;16,1375;22,9;18,308333;15,6;88;66;8,7;2,3625;
2020-06-07;0;921,433333;17,304167;23;17,991667;15;96;78;6,4;1,858333;
2020-06-08;1;920,283333;16,683333;23,4;18,620833;16,7;89,375;66;7,2;2,070833;
2020-06-09;,2;919,241667;15,85;25,3;17,845833;11,8;89,333333;63;7,2;1,5875;
2020-06-10;,2;919,608333;17,2375;26,2;19,525;15,1;88,208333;58;7,9;1,416667;
2020-06-11;,2;920,325;16,733333;26,5;19,295833;14,3;86,791667;52;6,5;1,658333;
2020-06-12;,2;919,179167;16,045833;25,9;19,291667;14,7;83,75;52;7,2;1,770833;
2020-06-13;,2;920,179167;16,5;25,6;19,929167;15,9;82,875;50;8,8;1,783333;
2020-06-14;,2;921,2875;15,841667;23,6;18,55;13,6;85,416667;64;11,8;2,7125;
2020-06-15;1,8;922,304167;16,820833;19,3;17,070833;14,7;98,5;85;11,2;2,7625;
2020-06-16;7,2;922,766667;16,9875;20,9;17,35;15,8;97,708333;87;14,1;3,229167;
2020-06-17;7,4;922,216667;16,425;18,1;16,554167;15,7;99,041667;95;12;3,575;
2020-06-18;4;921,7625;15,870833;20;16,4625;14,9;96,5;82;11,2;3,033333;
2020-06-19;1,8;921,525;17,475;23,3;18,754167;15,6;93;71;7,6;1,675;
2020-06-20;1,2;922,5375;16,525;22,9;18,829167;16,8;87,625;59;9,5;2,654167;
2020-06-21;,4;922,158333;15,320833;22,7;17,520833;13,9;88;65;8,9;2,145833;
2020-06-22;0;921,05;16,4125;21,5;17,7125;14,5;92,416667;73;9,9;2,633333;
2020-06-23;,6;919,3875;15,6875;22,4;17,545833;14,6;89,666667;64;9,5;2,808333;
2020-06-24;,2;919,75;15,358333;19,6;15,870833;11,7;96,958333;84;7,4;2,008333;
2020-06-25;0;920,441667;16,275;21,3;17,470833;14,8;93;74;8;2,241667;
2020-06-26;1;919,779167;14,408333;23,7;17,7;10,8;83,333333;46;7,5;1,625;
2020-06-27;,2;917,729167;17,625;23,4;18,129167;13,7;97,041667;80;6,1;1,191667;
2020-06-28;,6;919,020833;17,6;24,3;19,145833;16,2;91,625;68;7,8;1,679167;
2020-06-29;,2;920,404167;16,691667;20,6;17,320833;14,7;96,291667;82;9,3;2,708333;
2020-06-30;5;918,658333;17,758333;23,2;18,470833;16,1;95,916667;78;8,9;2,2125;
2020-07-01;,4;917,179167;17,325;25,5;19,495833;15,7;88,458333;60;6,5;1,7875;
2020-07-02;0;916,625;16,925;27,7;20,558333;16,2;82,208333;36;6,5;1,991667;
2020-07-03;,2;917,991667;16,475;26,9;19,454167;15,1;85,333333;47;7;1,6875;
2020-07-04;0;919,4625;16,141667;24,1;18,4;13,5;88,041667;61;9;2,2375;
2020-07-05;1,6;920,533333;16,725;23,6;18,35;16;91,125;66;9,9;2,625;
2020-07-06;,4;919,875;16,891667;22,3;17,7125;15,8;95,291667;73;8,3;2,229167;
2020-07-07;2,6;919,354167;15,495833;22,7;17,645833;14,8;88,416667;55;9,3;2,245833;
2020-07-08;,2;919,129167;15,754167;21,5;16,129167;12,5;97,75;81;5,5;1,404167;
2020-07-09;,6;920,4125;16,204167;23,4;18,233333;13,5;89;65;6,2;1,445833;
2020-07-10;0;920,8375;15,208333;23,2;18,795833;14,9;81,708333;50;10,3;2,475;
2020-07-11;0;921,291667;15,225;21,9;16,695833;12,8;91,75;69;7,9;2,141667;
2020-07-12;0;920,1625;16,0375;22,5;17,491667;13,5;91,791667;72;7,5;2,033333;
2020-07-13;,4;920,104167;17,079167;24,3;19,008333;15,2;89,625;64;7,3;1,5125;
2020-07-14;,2;920,375;16,225;24;17,991667;13,3;90,541667;66;6,7;1,408333;
2020-07-15;,2;920,854167;14,766667;23,4;17,629167;11,9;85,625;45;10,6;2,266667;
2020-07-16;0;922,245833;15,675;23,3;17,533333;13,8;89,875;63;10,7;2,658333;
2020-07-17;3,8;922,295833;16,075;17,6;16,233333;15,4;99,083333;94;9;2,658333;
2020-07-18;,6;922,266667;14,908333;21,6;16,891667;14,3;88,75;67;9,3;3,016667;
2020-07-19;1;921,708333;14,404167;22;16,866667;14,6;87,166667;51;11,6;3,208333;
2020-07-20;2,4;921,195833;15,9625;23,3;17,2375;13,3;92,875;68;9,4;1,945833;
2020-07-21;1,2;920,291667;15,775;22,9;17,966667;15,7;88,208333;58;10,6;2,645833;
2020-07-22;,2;920,370833;13,054167;22;15,9125;10,2;85,166667;54;8;1,758333;
2020-07-23;0;920,6;14,775;22,9;17,2625;12,3;86,5;63;8,5;2,3;
2020-07-24;,8;920,833333;15,870833;23,3;17,979167;16,1;88,708333;58;10;2,620833;
2020-07-25;,8;922,283333;14,641667;22,1;16,2;10,5;91,208333;69;10,5;2,104167;
2020-07-26;1,2;921,683333;16,854167;23,5;17,9125;15,7;93,916667;71;10;2,441667;
2020-07-27;1,2;921,720833;16,5125;18,7;16,7625;15,4;98,458333;93;9,6;2,954167;
2020-07-28;3,6;921,633333;16,195833;20,1;16,5;14;98,208333;89;7,8;2,129167;
2020-07-29;1,2;921,420833;14,654167;23,7;17,916667;13,2;83,416667;49;8,4;2,1875;
2020-07-30;,2;921,408333;13,191667;22,3;16,2375;11,3;84,041667;56;9,4;2,25;
2020-07-31;1;922,379167;14,8625;20,8;16,270833;12,5;92,083333;69;10,9;3,066667;
2020-08-01;5,4;923,2875;15,475;19,5;16,079167;14,7;96,375;85;10,6;2,529167;
2020-08-02;3,4;923,7625;14,908333;21,8;16,545833;14,3;90,958333;64;10,2;2,95;
2020-08-03;2,4;925,308696;14,495652;19,2;14,934783;10,4;97,304348;84;9,4;2,53913;
2020-08-04;4;925,279167;13,620833;20,4;15,041667;10,4;91,75;72;12,2;3,345833;
2020-08-05;0;924,55;13,891667;16,8;14,8;12,4;94,25;87;12,3;3,7375;
2020-08-06;3;924,175;14,533333;18,2;15,083333;12,7;96,666667;84;11,6;3,6;
2020-08-07;3;924,154167;15,179167;19,5;15,554167;14,2;97,75;79;10,5;2,916667;
2020-08-08;2,6;924,125;15,091667;20,2;15,941667;13,6;94,958333;78;9,7;2,4875;
2020-08-09;2,8;923,2125;15,945833;19,6;16,320833;15,1;97,791667;86;8,4;2,379167;
2020-08-10;4,8;920,945833;15,329167;23,8;17,725;14,2;87,291667;54;8,1;2,075;
2020-08-11;,6;919,516667;16,933333;23,9;18,358333;14,8;92,25;67;9;2,045833;
2020-08-12;,6;919,529167;16,295833;22,6;17,654167;13;92,375;70;9,3;2,391667;
2020-08-13;2;919,829167;16,020833;22,3;17,883333;15,7;89,583333;66;8,2;2,158333;
2020-08-14;,2;918,941667;15,854167;23,8;18,458333;14,1;86;61;8,3;2,7125;
2020-08-15;0;917,725;16,5125;25,2;18,795833;13,7;87,958333;58;8,3;1,7375;
2020-08-16;0;917,904167;17,245833;25,3;19,8375;14,5;86,291667;61;9,2;2,2625;
2020-08-17;0;918,420833;17,741667;24,5;19,745833;16,8;89;64;8,4;2,358333;
2020-08-18;0;918,404167;16,329167;24,3;18,575;14,7;88,125;58;9,1;2,279167;
2020-08-19;,2;918,5;16,95;25,8;19,233333;15,3;87,958333;55;7,5;1,970833;
2020-08-20;0;918,8125;16,0625;26,2;19,2875;13,8;83,75;49;8,9;1,825;
2020-08-21;0;918,191667;15,358333;25,3;18,575;13,3;83,208333;53;7,8;1,866667;
2020-08-22;0;918,55;16,741667;23,9;18,641667;14;89,416667;67;8,1;2,341667;
2020-08-23;,2;920,166667;16,1;20,2;17,0625;15,5;94,25;80;9,2;2,804167;
2020-08-24;0;919,8375;14,7625;18,8;15,8375;14,4;93,666667;81;8,9;2,979167;
2020-08-25;0;918,095833;12,45;22,1;16,041667;12,6;81,541667;53;7,4;2,075;
2020-08-26;0;918,108333;9,991667;23,3;15,716667;9,2;72,583333;39;7;1,895833;
2020-08-27;0;919,408333;13,258333;22,8;16,3125;9,7;83,5;61;9,6;2,270833;
2020-08-28;0;919,820833;15,6;24,5;18,491667;13,4;84,583333;58;9,8;2,391667;
2020-08-29;0;919,683333;15,333333;25,7;19,183333;14,3;80,375;49;10,6;2,604167;
2020-08-30;0;920,020833;17,358333;26,2;20,408333;15,9;83,75;60;9,5;2,416667;
2020-08-31;0;921,554167;15,595833;26;19,616667;14,7;79,75;49;8,4;2,625;
2020-09-01;,2;922,325;15,583333;23,9;18,641667;13,7;83,916667;60;12;3,225;
2020-09-02;0;921,508333;15,570833;21,8;16,708333;14,3;93,208333;77;10,5;3,295833;
2020-09-03;,6;920,283333;15,183333;22,7;17,141667;14,4;89,125;66;10,6;2,7625;
2020-09-04;,4;921,541667;14,795833;23,2;17,679167;11,7;84,541667;62;8,8;2,3375;
2020-09-05;,4;921,75;14,604167;25,2;18,541667;13,9;80,333333;48;11,6;2,558333;
2020-09-06;,6;919,658333;16,9375;23,9;18,166667;14,2;92,958333;70;8,4;1,941667;
2020-09-07;,4;917,891667;17,016667;26,9;19,445833;14,2;87,375;57;8,7;2,1875;
2020-09-08;,2;918,566667;14,15;25,9;18,9125;12,9;77,208333;34;8,8;2,433333;
2020-09-09;0;920,316667;12,291667;26,9;18,966667;10,1;68,083333;41;8,2;2,195833;
2020-09-10;0;921,558333;15,095833;25,7;19,075;15,2;79,791667;48;8,5;2,504167;
2020-09-11;0;919,8125;14,404167;25,5;18,416667;11,3;79,708333;50;9;2,491667;
2020-09-12;0;920,3375;14,770833;25,1;19,270833;15,5;77,625;46;10,4;2,9125;
2020-09-13;1,2;921,5125;15,895833;25,4;18,879167;15,7;84,208333;55;11,6;3,241667;
2020-09-14;0;922,229167;14,5375;25,2;19,041667;15,4;77,75;45;8,4;2,25;
2020-09-15;0;920,8125;15,608333;27;20,004167;15,8;78,041667;47;9,3;2,725;
2020-09-16;0;920,020833;15,170833;25,8;19,654167;15,6;77,958333;50;10,1;2,704167;
2020-09-17;0;919,075;13,908333;25,7;19,304167;13,5;74,5;43;8,1;1,995833;
2020-09-18;0;917,7375;13,825;29;20,258333;13,5;70,083333;28;7,8;2,808333;
2020-09-19;0;917,5;14,633333;29,5;20,2875;13,6;73,833333;38;9,6;2,4875;
2020-09-20;0;916,95;14,825;30,1;20,975;14,7;72,416667;31;9,7;3,025;
2020-09-21;0;917,779167;16,3625;29;21,05;14,4;78,041667;43;10,3;2,829167;
2020-09-22;0;919,095833;17,379167;29,3;21,8;16,6;78,583333;47;8,9;2,825;
2020-09-23;0;920,841667;17,654167;28,1;21,441667;17,9;80,416667;52;8,4;2,770833;
2020-09-24;,4;921,108333;16,65;23,7;19,558333;16,4;84,625;60;10,2;2,995833;
2020-09-25;,8;920,454167;16,0875;25,2;19,541667;16,1;81,875;55;10,3;2,8;
2020-09-26;0;918,770833;15,966667;26,8;20,3;15,4;78,458333;49;9,1;2,570833;
2020-09-27;0;917,370833;15,908333;30;21,3125;16,8;74,625;41;9,3;1,9625;
2020-09-28;0;916,6375;11,104167;32,5;22,904167;13,3;55,625;15;8,4;2,179167;
2020-09-29;0;917,925;15,554167;31;22,233333;15,4;70,625;29;9,1;2,404167;
2020-09-30;0;918,883333;17,166667;28,4;22,325;17,8;74,833333;49;10;2,475;
2020-10-01;0;918,0875;16,720833;28,9;21,479167;15;77,291667;46;9,5;2,170833;
2020-10-02;0;917,304167;16,058333;29,1;21,654167;16,6;73,958333;40;9,9;2,525;
2020-10-03;0;916,9875;14,1625;31,6;21,879167;14,1;67,541667;26;9,3;2,470833;
2020-10-04;0;917,245833;13,991667;31,4;22,483333;14,2;64,5;20;10,2;2,225;
2020-10-05;0;918,816667;16,295833;27,9;21,295833;15,7;75,291667;49;9,9;2,741667;
2020-10-06;0;918,583333;16,808333;28,5;21,541667;16,3;76,791667;49;7,4;2,358333;
2020-10-07;0;917,958333;16,266667;34,9;24,575;16,6;64,916667;28;8,7;2,058333;
2020-10-08;0;916,520833;15,395833;35,8;26,766667;19,8;54,833333;21;8,2;2,5375;
2020-10-09;0;915,704167;14,991667;33,8;24,5125;16,9;62,458333;25;8,9;2,258333;
2020-10-10;0;913,958333;17,175;36,4;27,608333;21,6;56,541667;28;11,9;3,175;
2020-10-11;2,6;916,983333;19,7;27,4;21,991667;18,8;87,583333;54;10,1;2,3375;
2020-10-12;12;919,404167;18,008333;22,5;18,854167;16,9;95,083333;81;8,7;2,791667;
2020-10-13;,2;918,333333;18,954167;25,6;20,3625;17,1;92,125;67;7;1,804167;
2020-10-14;1,6;917,858333;16,583333;31,6;22,8;18,3;72,166667;28;10;2,583333;
2020-10-15;0;916,829167;14,491667;32,9;22,829167;14,6;65,25;22;8,2;2,220833;
2020-10-16;0;917,941667;16,7875;28,2;21,720833;15,3;75,083333;55;10,1;2,441667;
2020-10-17;,2;918,658333;18,079167;25,2;20,0625;17,6;88,875;66;9,3;3,170833;
2020-10-18;0;917,7625;16,979167;23,5;19,016667;16,2;88,541667;71;9,4;3,408333;
2020-10-19;,4;917,625;18,066667;27,3;20,629167;17,1;86,458333;61;10,2;3,258333;
2020-10-20;0;918,708333;17,9875;26,3;20,7375;17;85,166667;66;9;3,0375;
2020-10-21;0;918,7125;16,316667;31,3;22,929167;17,1;70,833333;33;9,6;2,558333;
2020-10-22;0;918,283333;17,5125;27,2;21,033333;16,8;81,25;59;8,3;2,3125;
2020-10-23;0;918,370833;18,933333;22,3;19,975;19;93,791667;87;8,2;2,604167;
2020-10-24;1,4;916,716667;16,6625;30,2;21,783333;16,6;76,125;40;9,5;2,475;
2020-10-25;0;914,308333;18,083333;30,8;22,316667;18,1;80,041667;43;12,4;2,591667;
2020-10-26;47,6;913,320833;19,645833;27,7;21,15;18,2;91,958333;68;7,9;1,679167;
2020-10-27;27,4;912,008333;20,045833;28;22,083333;17,8;88,958333;66;10,4;2,220833;
2020-10-28;2;912,904167;19,35;30,3;23,545833;19;79,291667;51;10,5;2,170833;
2020-10-29;2,6;915,054167;19,945833;27,3;22,35;20;87;63;8,7;2,475;
2020-10-30;0;916,025;18,283333;27,1;22,075;18,6;80,625;56;9,3;2,3375;
2020-10-31;0;915,0125;19,091667;30,2;22,8375;18,5;81,25;51;8,2;2,620833;
2020-11-01;33,2;913,795833;19,816667;28,2;21,625;18,8;90,375;60;6;1,333333;
2020-11-02;11,2;914,054167;16,641667;21,4;16,966667;15,4;98,041667;95;8,8;2,845833;
2020-11-03;27,4;916,004167;16,258333;19,6;16,691667;15,3;97,25;87;9,9;2,95;
2020-11-04;4;916,575;17,754167;21;18,108333;15,7;97,875;89;5,9;1,516667;
2020-11-05;12;915,970833;18,429167;22,5;18,620833;17,4;98,875;89;5,8;1,633333;
2020-11-06;10,8;916,695833;19,529167;23,3;20,008333;17,8;97,208333;87;5,7;1,4875;
2020-11-07;5,8;919,4875;18,7875;24,8;20,920833;17,7;88,458333;68;8,4;1,966667;
2020-11-08;0;919,75;19,0125;27,4;21,445833;18,4;87;57;8,3;2,145833;
2020-11-09;,2;918,5625;17,6875;27,4;21,483333;16,9;81;54;8,8;2,216667;
2020-11-10;,2;917,816667;16,195833;28,2;20,833333;14,5;77,5;45;8,2;2,208333;
2020-11-11;0;917,233333;17,279167;27,8;21,15;16,8;80,291667;51;8,5;2,454167;
2020-11-12;0;916,354167;16,216667;28,4;21,079167;15,1;76,625;43;8,3;2,266667;
2020-11-13;0;916,304167;17,3625;28,8;21,779167;17,2;78,25;45;9,3;2,583333;
2020-11-14;0;915,9;18,2875;30,1;22,895833;17,6;77,416667;48;9,4;2,308333;
2020-11-15;0;915,941667;18,783333;29,3;22,85;18,5;79,666667;48;7,8;1,825;
2020-11-16;0;914,504167;19,370833;28;22,783333;19,9;82;59;7,9;1,854167;
2020-11-17;0;913,758333;19,833333;28,6;22,8875;19,8;83,916667;60;8,3;1,895833;
2020-11-18;1;913,745833;20,175;27,3;22,454167;19,8;87,583333;68;7,7;1,870833;
2020-11-19;10,8;913,883333;20,166667;26,4;21,454167;20,5;92,625;76;9,2;1,983333;
2020-11-20;5;912,958333;19,95;29,2;22,329167;18,2;87,333333;61;6,3;1,666667;
2020-11-21;9,8;914,55;19,75;21,3;20,029167;19,6;98,166667;94;8,3;1,8875;
2020-11-22;12;916,75;19,441667;24,4;20,054167;18,4;96,375;84;8,1;2,6;
2020-11-23;4,6;918,416667;18,295833;26,3;20,825;17,7;86,75;57;9,1;2,4;
2020-11-24;,8;919,720833;17,7875;26;19,3;16,2;91,791667;61;9,6;2,225;
2020-11-25;2,4;918,858333;17,7375;24,3;19,166667;16,8;91,833333;71;12,1;2,920833;
2020-11-26;6,2;918,079167;18,066667;23,8;19,025;16,9;94,541667;74;9,6;2,4;
2020-11-27;2,4;918,433333;18,1;24,8;19,375;16,7;92,791667;68;9,4;2,3;
2020-11-28;1;919,333333;17,516667;25,8;19,508333;16,4;89,25;63;12,4;2,5625;
2020-11-29;2,4;919,004167;17,441667;25,5;19,470833;16,1;89,083333;63;10,8;2,7;
2020-11-30;,8;918,0125;17,4625;25,9;19,979167;15,5;86,583333;64;6,6;1,779167;
2020-12-01;0;916,95;17,775;28,7;21,6375;16,7;80,541667;50;7,4;1,720833;
2020-12-02;0;916,395833;18,195833;29,5;21,354167;17,7;83,916667;48;8,2;2,0625;
2020-12-03;,2;916,2375;18,804167;28,3;22,133333;17,7;82,666667;58;9,3;2,395833;
2020-12-04;0;917,341667;19,920833;27,6;22,225;18,4;87,541667;63;6,8;1,770833;
2020-12-05;1,4;916,8375;20,025;27,8;22,179167;19,2;88,125;66;10;1,991667;
2020-12-06;,4;916,795833;18,975;26,9;21,804167;19;84,791667;62;7,6;2,091667;
2020-12-07;0;917,2875;18,295833;27,7;21,233333;17,2;84,541667;60;6,6;1,729167;
2020-12-08;0;916,879167;17,725;27,4;21,604167;15,9;80,041667;55;7,6;2,091667;
2020-12-09;0;917,075;18,516667;28,7;22,475;18,8;79,916667;52;8,8;2,183333;
2020-12-10;0;916,804167;17,958333;29,2;22,270833;17,3;78,583333;49;8,3;2,383333;
2020-12-11;0;917,370833;18,15;29,2;22,283333;18,1;78,833333;53;8,7;2,366667;
2020-12-12;0;918,05;15,95;28;20,958333;14,4;75,791667;44;9;2,495833;
2020-12-13;,2;918,229167;15,629167;27,1;20,125;13,1;77,833333;52;8,7;2,016667;
2020-12-14;0;917,008333;16,4125;27,8;21,2;15,6;76,583333;49;6,9;1,841667;
2020-12-15;0;915,854167;17,370833;27,3;21,633333;17,6;78,25;52;8,8;2,1;
2020-12-16;0;916,458333;16,766667;27,7;21,120833;16,5;78,625;49;8,3;2,15;
2020-12-17;0;917,066667;17,158333;28,1;21,108333;15,3;80,041667;46;7,4;1,970833;
2020-12-18;0;915,520833;18,5875;28,7;22,195833;16,9;81,541667;55;7;1,895833;
2020-12-19;0;913,895833;19,458333;30,4;23,15;19;81,333333;49;7,7;1,9375;
2020-12-20;0;914,533333;19,7125;28,9;22,220833;19,4;86,5;60;9,8;2,7;
2020-12-21;0;916,075;18,104167;29,1;22,583333;17;77,958333;49;9;2,170833;
2020-12-22;0;915,7625;17,8875;30,3;22,5375;16,7;77,125;48;8,1;2,479167;
2020-12-23;0;915,091667;17,470833;30,3;22,566667;16,6;75,375;44;7,7;2,4875;
2020-12-24;0;914,9375;16,279167;28,4;21,925;16,6;73,333333;43;9,3;2,741667;
2020-12-25;0;914,358333;15,566667;29,2;21,116667;14,3;72,916667;46;8,1;2,2875;
2020-12-26;0;914,6875;17,9125;28,1;21,0125;16,1;83,916667;51;8,9;2,0625;
2020-12-27;,2;916,945833;16,583333;29,2;22,1125;15,6;73,833333;40;9,8;2,970833;
2020-12-28;0;917,95;17,725;26,6;20,520833;16,3;84,708333;63;9,1;2,545833;
2020-12-29;0;916,441667;16,966667;27,6;20,75;16,2;80,958333;49;10,5;2,445833;
2020-12-30;,2;916,191667;16,858333;27,8;20,6375;14,9;80,708333;54;9,1;1,825;
2020-12-31;0;916,916667;17,2375;29,5;21,729167;17;77,916667;48;7;1,8;

